<svg xmlns="http://www.w3.org/2000/svg" xmlns:svg="http://www.w3.org/2000/svg" xmlns:xlink="http://www.w3.org/1999/xlink">
    <symbol id="iconset--clock" viewBox="0 0 24 24">
        <path d="M13 11.6V8C13 7.71667 12.9042 7.47917 12.7125 7.2875C12.5208 7.09583 12.2833 7 12 7C11.7167 7 11.4792 7.09583 11.2875 7.2875C11.0958 7.47917 11 7.71667 11 8V11.975C11 12.1083 11.025 12.2375 11.075 12.3625C11.125 12.4875 11.2 12.6 11.3 12.7L14.6 16C14.7833 16.1833 15.0167 16.275 15.3 16.275C15.5833 16.275 15.8167 16.1833 16 16C16.1833 15.8167 16.275 15.5833 16.275 15.3C16.275 15.0167 16.1833 14.7833 16 14.6L13 11.6ZM12 22C10.6167 22 9.31667 21.7375 8.1 21.2125C6.88333 20.6875 5.825 19.975 4.925 19.075C4.025 18.175 3.3125 17.1167 2.7875 15.9C2.2625 14.6833 2 13.3833 2 12C2 10.6167 2.2625 9.31667 2.7875 8.1C3.3125 6.88333 4.025 5.825 4.925 4.925C5.825 4.025 6.88333 3.3125 8.1 2.7875C9.31667 2.2625 10.6167 2 12 2C13.3833 2 14.6833 2.2625 15.9 2.7875C17.1167 3.3125 18.175 4.025 19.075 4.925C19.975 5.825 20.6875 6.88333 21.2125 8.1C21.7375 9.31667 22 10.6167 22 12C22 13.3833 21.7375 14.6833 21.2125 15.9C20.6875 17.1167 19.975 18.175 19.075 19.075C18.175 19.975 17.1167 20.6875 15.9 21.2125C14.6833 21.7375 13.3833 22 12 22ZM12 20C14.2167 20 16.1042 19.2208 17.6625 17.6625C19.2208 16.1042 20 14.2167 20 12C20 9.78333 19.2208 7.89583 17.6625 6.3375C16.1042 4.77917 14.2167 4 12 4C9.78333 4 7.89583 4.77917 6.3375 6.3375C4.77917 7.89583 4 9.78333 4 12C4 14.2167 4.77917 16.1042 6.3375 17.6625C7.89583 19.2208 9.78333 20 12 20Z"/>
    </symbol>
    <symbol id="iconset--courier" viewBox="0 0 24 24">
        <path d="M14.0875 4.9125C14.4792 5.30417 14.95 5.5 15.5 5.5C16.05 5.5 16.5208 5.30417 16.9125 4.9125C17.3042 4.52083 17.5 4.05 17.5 3.5C17.5 2.95 17.3042 2.47917 16.9125 2.0875C16.5208 1.69583 16.05 1.5 15.5 1.5C14.95 1.5 14.4792 1.69583 14.0875 2.0875C13.6958 2.47917 13.5 2.95 13.5 3.5C13.5 4.05 13.6958 4.52083 14.0875 4.9125Z"/>
        <path d="M11.2875 18.7125C11.4792 18.9042 11.7167 19 12 19C12.2833 19 12.5208 18.9042 12.7125 18.7125C12.9042 18.5208 13 18.2833 13 18V13.6C13 13.35 12.9542 13.1042 12.8625 12.8625C12.7708 12.6208 12.6333 12.4083 12.45 12.225L10.8 10.5L13.2 8.1L14 8.9C14.5333 9.43333 15.1375 9.875 15.8125 10.225C16.4875 10.575 17.225 10.8083 18.025 10.925C18.3083 10.9583 18.5583 10.8792 18.775 10.6875C18.9917 10.4958 19.1 10.2417 19.1 9.925C19.1 9.675 19.0167 9.45833 18.85 9.275C18.6833 9.09167 18.4667 8.975 18.2 8.925C17.65 8.84167 17.1542 8.675 16.7125 8.425C16.2708 8.175 15.8667 7.86667 15.5 7.5L13.6 5.6C13.3833 5.38333 13.1542 5.22917 12.9125 5.1375C12.6708 5.04583 12.4 5 12.1 5C11.8 5 11.5292 5.04583 11.2875 5.1375C11.0458 5.22917 10.8167 5.38333 10.6 5.6L7.8 8.4C7.58333 8.61667 7.42917 8.82917 7.3375 9.0375C7.24583 9.24583 7.2 9.5 7.2 9.8C7.2 10.1 7.24167 10.3583 7.325 10.575C7.40833 10.7917 7.56667 11 7.8 11.2L11 14V18C11 18.2833 11.0958 18.5208 11.2875 18.7125Z"/>
        <path fill-rule="evenodd" clip-rule="evenodd" d="M1.4375 20.5625C2.39583 21.5208 3.58333 22 5 22C6.41667 22 7.60417 21.5208 8.5625 20.5625C9.52083 19.6042 10 18.4167 10 17C10 15.5833 9.52083 14.3958 8.5625 13.4375C7.60417 12.4792 6.41667 12 5 12C3.58333 12 2.39583 12.4792 1.4375 13.4375C0.479167 14.3958 0 15.5833 0 17C0 18.4167 0.479167 19.6042 1.4375 20.5625ZM7.4625 19.4625C6.77083 20.1542 5.95 20.5 5 20.5C4.05 20.5 3.22917 20.1542 2.5375 19.4625C1.84583 18.7708 1.5 17.95 1.5 17C1.5 16.05 1.84583 15.2292 2.5375 14.5375C3.22917 13.8458 4.05 13.5 5 13.5C5.95 13.5 6.77083 13.8458 7.4625 14.5375C8.15417 15.2292 8.5 16.05 8.5 17C8.5 17.95 8.15417 18.7708 7.4625 19.4625Z"/>
        <path fill-rule="evenodd" clip-rule="evenodd" d="M15.4375 20.5625C16.3958 21.5208 17.5833 22 19 22C20.4167 22 21.6042 21.5208 22.5625 20.5625C23.5208 19.6042 24 18.4167 24 17C24 15.5833 23.5208 14.3958 22.5625 13.4375C21.6042 12.4792 20.4167 12 19 12C17.5833 12 16.3958 12.4792 15.4375 13.4375C14.4792 14.3958 14 15.5833 14 17C14 18.4167 14.4792 19.6042 15.4375 20.5625ZM21.4625 19.4625C20.7708 20.1542 19.95 20.5 19 20.5C18.05 20.5 17.2292 20.1542 16.5375 19.4625C15.8458 18.7708 15.5 17.95 15.5 17C15.5 16.05 15.8458 15.2292 16.5375 14.5375C17.2292 13.8458 18.05 13.5 19 13.5C19.95 13.5 20.7708 13.8458 21.4625 14.5375C22.1542 15.2292 22.5 16.05 22.5 17C22.5 17.95 22.1542 18.7708 21.4625 19.4625Z"/>
        <path d="M5.33333 5.66667C4.59695 6.40305 4.59695 7.59695 5.33333 8.33333C5.70152 8.70152 6.29848 8.70152 6.66667 8.33333L10.3333 4.66667C10.7015 4.29848 10.7015 3.70152 10.3333 3.33333C9.59695 2.59695 8.40305 2.59695 7.66667 3.33333L5.33333 5.66667Z"/>
    </symbol>
    <symbol id="iconset--order-approve" viewBox="0 0 24 24">
        <path d="M16.8492 18.125L16.4242 17.7C16.2742 17.55 16.0951 17.475 15.8867 17.475C15.6784 17.475 15.4992 17.55 15.3492 17.7C15.1992 17.85 15.1242 18.025 15.1242 18.225C15.1242 18.425 15.1992 18.6 15.3492 18.75L16.3242 19.725C16.4742 19.875 16.6492 19.95 16.8492 19.95C17.0492 19.95 17.2242 19.875 17.3742 19.725L19.7992 17.35C19.9492 17.2 20.0242 17.0208 20.0242 16.8125C20.0242 16.6042 19.9492 16.425 19.7992 16.275C19.6492 16.125 19.4701 16.05 19.2617 16.05C19.0534 16.05 18.8742 16.125 18.7242 16.275L16.8492 18.125ZM6.57422 9H16.5742C16.8576 9 17.0951 8.90417 17.2867 8.7125C17.4784 8.52083 17.5742 8.28333 17.5742 8C17.5742 7.71667 17.4784 7.47917 17.2867 7.2875C17.0951 7.09583 16.8576 7 16.5742 7H6.57422C6.29089 7 6.05339 7.09583 5.86172 7.2875C5.67005 7.47917 5.57422 7.71667 5.57422 8C5.57422 8.28333 5.67005 8.52083 5.86172 8.7125C6.05339 8.90417 6.29089 9 6.57422 9ZM17.5742 23C16.1909 23 15.0117 22.5125 14.0367 21.5375C13.0617 20.5625 12.5742 19.3833 12.5742 18C12.5742 16.6167 13.0617 15.4375 14.0367 14.4625C15.0117 13.4875 16.1909 13 17.5742 13C18.9576 13 20.1367 13.4875 21.1117 14.4625C22.0867 15.4375 22.5742 16.6167 22.5742 18C22.5742 19.3833 22.0867 20.5625 21.1117 21.5375C20.1367 22.5125 18.9576 23 17.5742 23ZM2.57422 21.875V5C2.57422 4.45 2.77005 3.97917 3.16172 3.5875C3.55339 3.19583 4.02422 3 4.57422 3H18.5742C19.1242 3 19.5951 3.19583 19.9867 3.5875C20.3784 3.97917 20.5742 4.45 20.5742 5V11.675C20.2576 11.525 19.9326 11.4 19.5992 11.3C19.2659 11.2 18.9242 11.125 18.5742 11.075V5H4.57422V19.05H10.6492C10.7326 19.5667 10.8617 20.0583 11.0367 20.525C11.2117 20.9917 11.4409 21.4333 11.7242 21.85C11.6409 21.8667 11.5534 21.8542 11.4617 21.8125C11.3701 21.7708 11.2909 21.7167 11.2242 21.65L10.4242 20.85C10.3242 20.75 10.2076 20.7 10.0742 20.7C9.94089 20.7 9.82422 20.75 9.72422 20.85L8.92422 21.65C8.82422 21.75 8.70755 21.8 8.57422 21.8C8.44089 21.8 8.32422 21.75 8.22422 21.65L7.42422 20.85C7.32422 20.75 7.20755 20.7 7.07422 20.7C6.94089 20.7 6.82422 20.75 6.72422 20.85L5.92422 21.65C5.82422 21.75 5.70755 21.8 5.57422 21.8C5.44089 21.8 5.32422 21.75 5.22422 21.65L4.42422 20.85C4.32422 20.75 4.20755 20.7 4.07422 20.7C3.94089 20.7 3.82422 20.75 3.72422 20.85L2.92422 21.65L2.57422 21.875ZM6.57422 17H10.6492C10.6992 16.65 10.7742 16.3083 10.8742 15.975C10.9742 15.6417 11.0992 15.3167 11.2492 15H6.57422C6.29089 15 6.05339 15.0958 5.86172 15.2875C5.67005 15.4792 5.57422 15.7167 5.57422 16C5.57422 16.2833 5.67005 16.5208 5.86172 16.7125C6.05339 16.9042 6.29089 17 6.57422 17ZM6.57422 13H12.6742C13.3076 12.3833 14.0451 11.8958 14.8867 11.5375C15.7284 11.1792 16.6242 11 17.5742 11H6.57422C6.29089 11 6.05339 11.0958 5.86172 11.2875C5.67005 11.4792 5.57422 11.7167 5.57422 12C5.57422 12.2833 5.67005 12.5208 5.86172 12.7125C6.05339 12.9042 6.29089 13 6.57422 13Z"/>
    </symbol>
    <symbol id="iconset--shopping-basket" viewBox="0 0 24 24">
        <path d="M5.61288 21.3923C5.16288 21.3923 4.76288 21.2548 4.41288 20.9798C4.06288 20.7048 3.82121 20.3507 3.68788 19.9173L1.13788 10.6673C1.05454 10.3507 1.10871 10.059 1.30038 9.79233C1.49204 9.52567 1.75454 9.39233 2.08788 9.39233H6.83788L11.2379 2.84233C11.3212 2.709 11.4379 2.60067 11.5879 2.51733C11.7379 2.434 11.8962 2.39233 12.0629 2.39233C12.2295 2.39233 12.3879 2.434 12.5379 2.51733C12.6879 2.60067 12.8045 2.709 12.8879 2.84233L17.2879 9.39233H22.0879C22.4212 9.39233 22.6837 9.52567 22.8754 9.79233C23.067 10.059 23.1212 10.3507 23.0379 10.6673L20.4879 19.9173C20.3545 20.3507 20.1129 20.7048 19.7629 20.9798C19.4129 21.2548 19.0129 21.3923 18.5629 21.3923H5.61288ZM5.58788 19.3923H18.5879L20.7879 11.3923H3.38788L5.58788 19.3923ZM12.0879 17.3923C12.6379 17.3923 13.1087 17.1965 13.5004 16.8048C13.892 16.4132 14.0879 15.9423 14.0879 15.3923C14.0879 14.8423 13.892 14.3715 13.5004 13.9798C13.1087 13.5882 12.6379 13.3923 12.0879 13.3923C11.5379 13.3923 11.067 13.5882 10.6754 13.9798C10.2837 14.3715 10.0879 14.8423 10.0879 15.3923C10.0879 15.9423 10.2837 16.4132 10.6754 16.8048C11.067 17.1965 11.5379 17.3923 12.0879 17.3923ZM9.26288 9.39233H14.8879L12.0629 5.19233L9.26288 9.39233Z"/>
    </symbol>
    <symbol id="iconset--shopping-bag" viewBox="0 0 24 24">
        <path d="M5.57422 22.3923C5.02422 22.3923 4.55339 22.1965 4.16172 21.8048C3.77005 21.4132 3.57422 20.9423 3.57422 20.3923V8.39233C3.57422 7.84233 3.77005 7.3715 4.16172 6.97983C4.55339 6.58817 5.02422 6.39233 5.57422 6.39233H7.57422C7.57422 5.29233 7.96589 4.35067 8.74922 3.56733C9.53255 2.784 10.4742 2.39233 11.5742 2.39233C12.6742 2.39233 13.6159 2.784 14.3992 3.56733C15.1826 4.35067 15.5742 5.29233 15.5742 6.39233H17.5742C18.1242 6.39233 18.5951 6.58817 18.9867 6.97983C19.3784 7.3715 19.5742 7.84233 19.5742 8.39233V20.3923C19.5742 20.9423 19.3784 21.4132 18.9867 21.8048C18.5951 22.1965 18.1242 22.3923 17.5742 22.3923H5.57422ZM5.57422 20.3923H17.5742V8.39233H15.5742V10.3923C15.5742 10.6757 15.4784 10.9132 15.2867 11.1048C15.0951 11.2965 14.8576 11.3923 14.5742 11.3923C14.2909 11.3923 14.0534 11.2965 13.8617 11.1048C13.6701 10.9132 13.5742 10.6757 13.5742 10.3923V8.39233H9.57422V10.3923C9.57422 10.6757 9.47839 10.9132 9.28672 11.1048C9.09505 11.2965 8.85755 11.3923 8.57422 11.3923C8.29089 11.3923 8.05339 11.2965 7.86172 11.1048C7.67005 10.9132 7.57422 10.6757 7.57422 10.3923V8.39233H5.57422V20.3923ZM9.57422 6.39233H13.5742C13.5742 5.84233 13.3784 5.3715 12.9867 4.97983C12.5951 4.58817 12.1242 4.39233 11.5742 4.39233C11.0242 4.39233 10.5534 4.58817 10.1617 4.97983C9.77005 5.3715 9.57422 5.84233 9.57422 6.39233Z"/>
    </symbol>
    <symbol id="iconset--check-small" viewBox="0 0 24 24">
        <path d="M10.6 13.8002L8.45 11.6502C8.26667 11.4669 8.03333 11.3752 7.75 11.3752C7.46667 11.3752 7.23333 11.4669 7.05 11.6502C6.86667 11.8335 6.775 12.0669 6.775 12.3502C6.775 12.6335 6.86667 12.8669 7.05 13.0502L9.9 15.9002C10.1 16.1002 10.3333 16.2002 10.6 16.2002C10.8667 16.2002 11.1 16.1002 11.3 15.9002L16.95 10.2502C17.1333 10.0669 17.225 9.83353 17.225 9.55019C17.225 9.26686 17.1333 9.03353 16.95 8.85019C16.7667 8.66686 16.5333 8.5752 16.25 8.5752C15.9667 8.5752 15.7333 8.66686 15.55 8.85019L10.6 13.8002Z"/>
    </symbol>
    <symbol id="iconset--info" viewBox="0 0 24 24">
        <path d="M12 17C12.2833 17 12.5208 16.9042 12.7125 16.7125C12.9042 16.5208 13 16.2833 13 16V12C13 11.7167 12.9042 11.4792 12.7125 11.2875C12.5208 11.0958 12.2833 11 12 11C11.7167 11 11.4792 11.0958 11.2875 11.2875C11.0958 11.4792 11 11.7167 11 12V16C11 16.2833 11.0958 16.5208 11.2875 16.7125C11.4792 16.9042 11.7167 17 12 17ZM12 9C12.2833 9 12.5208 8.90417 12.7125 8.7125C12.9042 8.52083 13 8.28333 13 8C13 7.71667 12.9042 7.47917 12.7125 7.2875C12.5208 7.09583 12.2833 7 12 7C11.7167 7 11.4792 7.09583 11.2875 7.2875C11.0958 7.47917 11 7.71667 11 8C11 8.28333 11.0958 8.52083 11.2875 8.7125C11.4792 8.90417 11.7167 9 12 9ZM12 22C10.6167 22 9.31667 21.7375 8.1 21.2125C6.88333 20.6875 5.825 19.975 4.925 19.075C4.025 18.175 3.3125 17.1167 2.7875 15.9C2.2625 14.6833 2 13.3833 2 12C2 10.6167 2.2625 9.31667 2.7875 8.1C3.3125 6.88333 4.025 5.825 4.925 4.925C5.825 4.025 6.88333 3.3125 8.1 2.7875C9.31667 2.2625 10.6167 2 12 2C13.3833 2 14.6833 2.2625 15.9 2.7875C17.1167 3.3125 18.175 4.025 19.075 4.925C19.975 5.825 20.6875 6.88333 21.2125 8.1C21.7375 9.31667 22 10.6167 22 12C22 13.3833 21.7375 14.6833 21.2125 15.9C20.6875 17.1167 19.975 18.175 19.075 19.075C18.175 19.975 17.1167 20.6875 15.9 21.2125C14.6833 21.7375 13.3833 22 12 22ZM12 20C14.2333 20 16.125 19.225 17.675 17.675C19.225 16.125 20 14.2333 20 12C20 9.76667 19.225 7.875 17.675 6.325C16.125 4.775 14.2333 4 12 4C9.76667 4 7.875 4.775 6.325 6.325C4.775 7.875 4 9.76667 4 12C4 14.2333 4.775 16.125 6.325 17.675C7.875 19.225 9.76667 20 12 20Z"/>
    </symbol>
    <symbol id="iconset--call" viewBox="0 0 24 24">
        <path d="M19.45 21C17.3 21 15.2042 20.5208 13.1625 19.5625C11.1208 18.6042 9.3125 17.3375 7.7375 15.7625C6.1625 14.1875 4.89583 12.3792 3.9375 10.3375C2.97917 8.29583 2.5 6.2 2.5 4.05C2.5 3.75 2.6 3.5 2.8 3.3C3 3.1 3.25 3 3.55 3H7.6C7.83333 3 8.04167 3.075 8.225 3.225C8.40833 3.375 8.51667 3.56667 8.55 3.8L9.2 7.3C9.23333 7.53333 9.22917 7.74583 9.1875 7.9375C9.14583 8.12917 9.05 8.3 8.9 8.45L6.475 10.9C7.175 12.1 8.05417 13.225 9.1125 14.275C10.1708 15.325 11.3333 16.2333 12.6 17L14.95 14.65C15.1 14.5 15.2958 14.3875 15.5375 14.3125C15.7792 14.2375 16.0167 14.2167 16.25 14.25L19.7 14.95C19.9333 15 20.125 15.1125 20.275 15.2875C20.425 15.4625 20.5 15.6667 20.5 15.9V19.95C20.5 20.25 20.4 20.5 20.2 20.7C20 20.9 19.75 21 19.45 21ZM5.525 9L7.175 7.35L6.75 5H4.525C4.60833 5.68333 4.725 6.35833 4.875 7.025C5.025 7.69167 5.24167 8.35 5.525 9ZM18.5 18.95V16.75L16.15 16.275L14.475 17.95C15.125 18.2333 15.7875 18.4583 16.4625 18.625C17.1375 18.7917 17.8167 18.9 18.5 18.95Z"/>
    </symbol>
    <symbol id="iconset--cart-alt" viewBox="0 0 24 24">
        <path fill-rule="evenodd" clip-rule="evenodd" d="M7.17964 13.5343L6.16712 7.96552H18.3834L16.2951 13.5343H7.17964ZM4.29517 2C4.89266 2 5.40259 2.43197 5.50082 3.02134L5.95559 5.74997H19.4491C20.4804 5.74997 21.1942 6.78001 20.8321 7.74563L18.1899 14.7915C17.9737 15.368 17.4226 15.7499 16.8069 15.7499H5.42726C5.37128 15.7499 5.32331 15.7099 5.3133 15.6548L3.0926 3.44093C2.95619 2.69064 3.53258 2 4.29517 2ZM15.9588 21.9999C16.9943 21.9999 17.8338 21.1604 17.8338 20.1249C17.8338 19.0894 16.9943 18.2499 15.9588 18.2499C14.9233 18.2499 14.0838 19.0894 14.0838 20.1249C14.0838 21.1604 14.9233 21.9999 15.9588 21.9999ZM7.20884 22C8.24437 22 9.08383 21.1605 9.08383 20.125C9.08383 19.0895 8.24437 18.25 7.20884 18.25C6.17332 18.25 5.33386 19.0895 5.33386 20.125C5.33386 21.1605 6.17332 22 7.20884 22Z"/>
    </symbol>
    <symbol id="iconset--whatsapp" viewBox="0 0 24 24">
        <path d="M14.8816 13.1718C15.1099 13.2544 16.3332 13.8527 16.5819 13.9766L16.5815 13.9776C16.63 14.0017 16.6753 14.0235 16.7173 14.0437C16.8911 14.1273 17.0085 14.1838 17.0585 14.2667C17.1206 14.3698 17.1206 14.8655 16.9133 15.4434C16.7061 16.0213 15.712 16.5489 15.234 16.6201C14.8052 16.6838 14.2628 16.7103 13.6669 16.5218C13.3054 16.4078 12.8418 16.2554 12.2483 16.0004C9.91698 14.9989 8.34103 12.7524 8.04181 12.3259C8.0207 12.2958 8.00594 12.2748 7.99772 12.2639L7.99619 12.2618C7.86597 12.0892 6.98162 10.9166 6.98162 9.70392C6.98162 8.56428 7.54475 7.96675 7.80396 7.69171C7.82167 7.67292 7.83796 7.65563 7.85256 7.63978C8.08078 7.39191 8.35011 7.33018 8.51628 7.33018C8.68244 7.33018 8.84811 7.3316 8.99328 7.33872C9.01127 7.33968 9.03 7.3396 9.04938 7.33953C9.19406 7.33896 9.37475 7.33825 9.55289 7.7637C9.62497 7.93556 9.73195 8.19446 9.84352 8.46447C10.0535 8.97254 10.2797 9.51997 10.3202 9.60088C10.3823 9.72486 10.4238 9.86917 10.3407 10.0344C10.3277 10.0602 10.3157 10.0845 10.3043 10.1077C10.2428 10.2326 10.1971 10.3253 10.0919 10.4471C10.0497 10.4961 10.006 10.5489 9.96229 10.6017C9.87725 10.7046 9.79237 10.8072 9.71856 10.8806C9.59444 11.0036 9.46456 11.1375 9.60972 11.3854C9.75483 11.6333 10.2543 12.4433 10.9939 13.0996C11.7889 13.8044 12.4797 14.1024 12.8301 14.2536C12.8987 14.2832 12.9543 14.3072 12.9951 14.3275C13.2438 14.4515 13.389 14.4311 13.5342 14.2658C13.6793 14.1011 14.1563 13.5436 14.322 13.2957C14.4877 13.0478 14.6534 13.0891 14.8816 13.1718Z"/>
        <path fill-rule="evenodd" clip-rule="evenodd" d="M12.042 2C14.7059 2.00095 17.2061 3.03232 19.0859 4.90417C20.9662 6.77603 22.0009 9.26425 22 11.9106C21.9981 17.3708 17.5302 21.8135 12.042 21.8135H12.0377C10.3713 21.813 8.7335 21.3976 7.27909 20.6083L2 21.9854L3.41288 16.8533C2.54147 15.3518 2.08261 13.648 2.08356 11.9025C2.08547 6.44221 6.55283 2 12.042 2ZM12.0374 19.8562H12.0406C16.4429 19.8562 20.0258 16.2926 20.0277 11.9128C20.0286 9.79074 19.1988 7.79469 17.6906 6.29352C16.1826 4.79191 14.1772 3.9648 12.0439 3.96389C7.63794 3.96389 4.05496 7.52708 4.05312 11.9064C4.0522 13.407 4.47473 14.8688 5.27417 16.1335L5.46401 16.4341L4.6572 19.3654L7.68034 18.5768L7.97203 18.7491C9.1986 19.4726 10.6044 19.8557 12.0374 19.8562Z"/>
    </symbol>
    <symbol id="iconset--whatsapp-heavy" viewBox="0 0 24 24">
        <path d="M12.0001 2.3999C6.7067 2.3999 2.40006 6.70655 2.40006 11.9999C2.40006 13.6528 2.82705 15.2781 3.63679 16.7122L2.4155 21.0698C2.37543 21.213 2.41425 21.3666 2.51776 21.473C2.59748 21.5552 2.706 21.5999 2.81745 21.5999C2.85084 21.5999 2.88465 21.5957 2.91762 21.5878L7.46552 20.4613C8.85418 21.2067 10.4181 21.5999 12.0001 21.5999C17.2934 21.5999 21.6001 17.2933 21.6001 11.9999C21.6001 6.70655 17.2934 2.3999 12.0001 2.3999ZM16.8293 15.3874C16.6239 15.9559 15.6389 16.4748 15.1656 16.5445C14.7406 16.6066 14.203 16.6334 13.6129 16.448C13.2552 16.3353 12.796 16.1859 12.2079 15.9351C9.73571 14.8807 8.12124 12.4227 7.99769 12.2604C7.87456 12.098 6.99136 10.941 6.99136 9.74348C6.99136 8.54599 7.62788 7.95705 7.85411 7.71329C8.08033 7.46954 8.34705 7.4086 8.5115 7.4086C8.67595 7.4086 8.83999 7.41068 8.98399 7.41736C9.1355 7.42488 9.33877 7.36018 9.5387 7.83517C9.74406 8.32268 10.237 9.52018 10.2979 9.64248C10.3597 9.76435 10.4006 9.90668 10.3188 10.069C10.237 10.2314 10.1961 10.3328 10.0725 10.4752C9.949 10.6175 9.81376 10.7924 9.70273 10.9017C9.57919 11.0232 9.45105 11.1547 9.59463 11.3984C9.73821 11.6422 10.2328 12.439 10.9658 13.0843C11.907 13.9132 12.7013 14.1703 12.9475 14.2922C13.1938 14.4141 13.3378 14.3936 13.4814 14.2313C13.625 14.0685 14.0974 13.5205 14.2615 13.2771C14.4255 13.0338 14.59 13.0738 14.8162 13.1552C15.0424 13.2362 16.2541 13.8247 16.5004 13.9466C16.7466 14.0685 16.9111 14.1294 16.9729 14.2309C17.0346 14.3319 17.0346 14.8194 16.8293 15.3874Z"/>
    </symbol>
    <symbol id="iconset--facebook" viewBox="0 0 24 24">
        <path d="M12 2C6.489 2 2 6.489 2 12C2 17.511 6.489 22 12 22C17.511 22 22 17.511 22 12C22 6.489 17.511 2 12 2ZM12 4C16.4301 4 20 7.56988 20 12C20 16.0145 17.0653 19.313 13.2188 19.8984V14.3848H15.5469L15.9121 12.0195H13.2188V10.7266C13.2188 9.74356 13.539 8.87109 14.459 8.87109H15.9355V6.80664C15.6755 6.77164 15.1268 6.69531 14.0898 6.69531C11.9238 6.69531 10.6543 7.83931 10.6543 10.4453V12.0195H8.42773V14.3848H10.6543V19.8789C6.87029 19.2408 4 15.9702 4 12C4 7.56988 7.56988 4 12 4Z"/>
    </symbol>
    <symbol id="iconset--facebook-heavy" viewBox="0 0 24 24">
        <path d="M12 1.43994C6.168 1.43994 1.44 6.16794 1.44 11.9999C1.44 17.2943 5.34 21.6657 10.4218 22.4294V14.7988H7.80912V12.023H10.4218V10.1759C10.4218 7.11786 11.9117 5.7753 14.4533 5.7753C15.6706 5.7753 16.3142 5.86554 16.619 5.90682V8.32986H14.8853C13.8062 8.32986 13.4294 9.35274 13.4294 10.5057V12.023H16.5917L16.1626 14.7988H13.4294V22.4519C18.5837 21.7526 22.56 17.3457 22.56 11.9999C22.56 6.16794 17.832 1.43994 12 1.43994Z"/>
    </symbol>
    <symbol id="iconset--instagram" viewBox="0 0 24 24">
        <path d="M8 3C5.243 3 3 5.243 3 8V16C3 18.757 5.243 21 8 21H16C18.757 21 21 18.757 21 16V8C21 5.243 18.757 3 16 3H8ZM8 5H16C17.654 5 19 6.346 19 8V16C19 17.654 17.654 19 16 19H8C6.346 19 5 17.654 5 16V8C5 6.346 6.346 5 8 5ZM17 6C16.7348 6 16.4804 6.10536 16.2929 6.29289C16.1054 6.48043 16 6.73478 16 7C16 7.26522 16.1054 7.51957 16.2929 7.70711C16.4804 7.89464 16.7348 8 17 8C17.2652 8 17.5196 7.89464 17.7071 7.70711C17.8946 7.51957 18 7.26522 18 7C18 6.73478 17.8946 6.48043 17.7071 6.29289C17.5196 6.10536 17.2652 6 17 6ZM12 7C9.243 7 7 9.243 7 12C7 14.757 9.243 17 12 17C14.757 17 17 14.757 17 12C17 9.243 14.757 7 12 7ZM12 9C13.654 9 15 10.346 15 12C15 13.654 13.654 15 12 15C10.346 15 9 13.654 9 12C9 10.346 10.346 9 12 9Z"/>
    </symbol>
    <symbol id="iconset--tiktok" viewBox="0 0 24 24">
        <path fill-rule="evenodd" clip-rule="evenodd" d="M12.5021 3.11871C12.5021 3.11869 12.5021 3.11867 12.5021 3.11865L15.552 3.11871V3.11877C15.552 3.11889 15.552 3.11902 15.552 3.11914C15.5521 4.08835 15.8466 5.1253 16.4936 5.91408C17.1078 6.66292 18.1395 7.31358 19.8979 7.39536L19.7562 10.4421C18.0546 10.3629 16.6548 9.88886 15.552 9.14121V15.1187C15.552 16.9319 14.8575 18.4071 13.734 19.417C12.6373 20.4027 11.2146 20.873 9.83613 20.8812C8.45742 20.8894 7.02702 20.4356 5.92262 19.4473C4.79099 18.4347 4.10205 16.9488 4.10205 15.1187C4.10205 12.9352 5.34394 11.5059 6.28725 10.7677L6.33416 10.731L6.3838 10.6981C8.38261 9.37158 10.7646 9.74371 10.5671 9.74371V12.7937C10.4952 12.7937 10.4053 12.7872 10.3008 12.7797C9.79586 12.7432 8.9478 12.6819 8.11968 13.2073C7.62259 13.6111 7.15205 14.2343 7.15205 15.1187C7.15205 16.1386 7.51312 16.7777 7.95648 17.1745C8.42709 17.5956 9.09668 17.8355 9.81797 17.8312C10.5395 17.8269 11.2168 17.5785 11.6951 17.1486C12.1466 16.7428 12.5021 16.1055 12.5021 15.1187V3.11925C12.5021 3.11907 12.5021 3.11889 12.5021 3.11871Z"/>
    </symbol>
    <symbol id="iconset--x" viewBox="0 0 24 24">
        <path d="M17.8014 3H20.867L14.136 10.6384L22 21H15.8287L10.997 14.7033L5.46551 21H2.39987L9.53082 12.8303L2 3H8.32456L12.6898 8.75203L17.8014 3ZM16.7284 19.2066H18.4279L7.43152 4.72694H5.60546L16.7284 19.2066Z"/>
    </symbol>
    <symbol id="iconset--dzen" viewBox="0 0 24 24">
        <path fill-rule="evenodd" clip-rule="evenodd" d="M24 12.1324V11.9998V11.8676C18.6863 11.7068 16.2564 11.5743 14.3184 9.68136C12.4261 7.74374 12.293 5.31391 12.1326 0H12H11.8674C11.707 5.31391 11.5739 7.74374 9.68152 9.68136C7.74352 11.5743 5.31361 11.7068 0 11.8676V11.9998V12.1324C5.31361 12.2931 7.74352 12.4257 9.68152 14.3182C11.5739 16.2563 11.707 18.6861 11.8674 24H12H12.1326C12.293 18.6861 12.4261 16.2563 14.3184 14.3182C16.2564 12.4257 18.6863 12.2931 24 12.1324Z"/>
    </symbol>
    <symbol id="iconset--rutube" viewBox="0 0 24 24">
        <path d="M14.1491 5.23518C14.9129 5.23519 15.5335 5.31772 16.0299 5.46231C16.5262 5.62794 16.9396 5.8752 17.3109 6.22613C17.6625 6.59689 17.9104 7.00984 18.0553 7.48442C18.2001 7.95898 18.2823 8.57839 18.2823 9.36181V10.394C18.2823 11.7147 18.0552 12.7044 17.6011 13.3236C17.1467 13.9429 16.5949 14.3188 15.368 14.5005L18.6968 19H14.8314L11.8122 14.5216H5.45096V19H2V5.23618H14.1491V5.23518ZM5.45096 8.27035V11.4884H13.5901V11.4894C14.0655 11.4894 14.3967 11.428 14.5626 11.2834C14.7283 11.1388 14.8313 10.8708 14.8314 10.4583V9.30251C14.8314 8.91072 14.7285 8.6421 14.5626 8.49749C14.3967 8.35288 14.0655 8.27035 13.5901 8.27035H5.45096ZM21.3484 0C22.8128 0.000142051 23.9999 1.17178 24 2.61709C24 4.06248 22.8129 5.23403 21.3484 5.23417C19.8838 5.23417 18.6968 4.06257 18.6968 2.61709C18.6969 1.17169 19.8839 0 21.3484 0Z"/>
    </symbol>
    <symbol id="iconset--ok" viewBox="0 0 24 24">
        <path d="M11.4946 11.9001C13.0249 11.9001 14.4078 11.2824 15.4035 10.3014C16.3992 9.3204 17.0261 7.95789 17.0261 6.45004C17.0261 4.9422 16.3992 3.57969 15.4035 2.59868C14.4078 1.61767 13.0249 1 11.4946 1C9.96418 1 8.58133 1.61767 7.58566 2.59868C6.58999 3.57969 5.96309 4.9422 5.96309 6.45004C5.96309 7.95789 6.58999 9.3204 7.58566 10.3014C8.58133 11.2824 9.98262 11.9001 11.4946 11.9001ZM9.72448 4.68786C10.1854 4.23369 10.8123 3.96119 11.4946 3.96119C12.1952 3.96119 12.8221 4.23369 13.2647 4.68786C13.7256 5.14203 14.0022 5.7597 14.0022 6.43187C14.0022 7.12221 13.7256 7.73988 13.2647 8.17589C12.8037 8.63006 12.1768 8.90256 11.4946 8.90256C10.7939 8.90256 10.167 8.63006 9.72448 8.17589C9.26353 7.72172 8.98695 7.10405 8.98695 6.43187C8.98695 5.7597 9.28197 5.14203 9.72448 4.68786Z"/>
        <path d="M18.9436 14.0983L17.3211 11.9182C17.2289 11.7911 17.0445 11.7729 16.9339 11.8819C15.4035 13.1718 13.5228 14.0074 11.4946 14.0074C9.46637 14.0074 7.58566 13.1718 6.05528 11.8819C5.94465 11.7911 5.76027 11.8092 5.66808 11.9182L4.04551 14.0983C3.97176 14.2073 3.99019 14.3526 4.08239 14.4434C5.44682 15.5334 7.03251 16.2783 8.69196 16.6598L5.26244 22.6185C5.17025 22.782 5.29931 23 5.4837 23H8.83947C8.9501 23 9.04229 22.9455 9.07916 22.8365L11.4761 17.5681L13.8731 22.8365C13.91 22.9273 14.0022 23 14.1128 23H17.4686C17.6714 23 17.782 22.8002 17.6898 22.6185L14.2603 16.6598C15.9198 16.2783 17.5055 15.5516 18.8699 14.4434C19.0174 14.3526 19.0358 14.2073 18.9436 14.0983Z"/>
    </symbol>
    <symbol id="iconset--youtube" viewBox="0 0 24 24">
        <path fill-rule="evenodd" clip-rule="evenodd" d="M14.1125 18.9875C14.5208 18.9792 14.95 18.9667 15.4 18.95L15.3988 18.9472C16.2568 18.9141 17.1031 18.8692 17.9375 18.8125C18.7958 18.7542 19.4167 18.675 19.8 18.575C20.2333 18.4583 20.6083 18.2417 20.925 17.925C21.2417 17.6083 21.4583 17.2333 21.575 16.8C21.675 16.4167 21.7542 15.95 21.8125 15.4C21.8708 14.85 21.9167 14.325 21.95 13.825C21.9757 13.3629 21.9915 12.8959 21.9974 12.4239L22 12.425V12C22 11.3833 21.9833 10.775 21.95 10.175C21.9167 9.675 21.8708 9.15 21.8125 8.6C21.7542 8.05 21.675 7.58333 21.575 7.2C21.4583 6.76667 21.2417 6.39167 20.925 6.075C20.6083 5.75833 20.2333 5.54167 19.8 5.425C19.4167 5.325 18.7958 5.24583 17.9375 5.1875C17.0792 5.12917 16.2083 5.08333 15.325 5.05C14.2917 5.01667 13.1833 5 12 5H10.975C10.6583 5 10.2958 5.00417 9.8875 5.0125C9.47917 5.02083 9.05 5.03333 8.6 5.05L8.60125 5.05281C7.74319 5.0859 6.89694 5.13079 6.0625 5.1875C5.20417 5.24583 4.58333 5.325 4.2 5.425C3.76667 5.54167 3.39167 5.75833 3.075 6.075C2.75833 6.39167 2.54167 6.76667 2.425 7.2C2.325 7.58333 2.24583 8.05 2.1875 8.6C2.12917 9.15 2.08333 9.675 2.05 10.175C2.02433 10.6371 2.00854 11.1041 2.00264 11.5761L2 11.575V12C2 12.6167 2.01667 13.225 2.05 13.825C2.08333 14.325 2.12917 14.85 2.1875 15.4C2.24583 15.95 2.325 16.4167 2.425 16.8C2.54167 17.2333 2.75833 17.6083 3.075 17.925C3.39167 18.2417 3.76667 18.4583 4.2 18.575C4.58333 18.675 5.20417 18.7542 6.0625 18.8125C6.92083 18.8708 7.79167 18.9167 8.675 18.95C9.70833 18.9833 10.8167 19 12 19H13.025C13.3417 19 13.7042 18.9958 14.1125 18.9875ZM10 15V9L15.2 12L10 15Z"/>
    </symbol>
    <symbol id="iconset--telegram" viewBox="0 0 24 24">
        <path fill-rule="evenodd" clip-rule="evenodd" d="M22 12C22 17.5228 17.5228 22 12 22C6.47715 22 2 17.5228 2 12C2 6.47715 6.47715 2 12 2C17.5228 2 22 6.47715 22 12ZM12.3584 9.38243C11.3857 9.78699 9.4418 10.6243 6.5266 11.8944C6.05321 12.0827 5.80524 12.2668 5.78266 12.4469C5.74451 12.7512 6.12562 12.8711 6.64458 13.0343C6.71517 13.0565 6.78832 13.0795 6.8633 13.1038C7.37388 13.2698 8.06071 13.464 8.41776 13.4717C8.74164 13.4787 9.10313 13.3452 9.50222 13.0711C12.226 11.2325 13.632 10.3032 13.7203 10.2831C13.7826 10.269 13.8689 10.2512 13.9273 10.3032C13.9858 10.3552 13.98 10.4536 13.9739 10.48C13.9361 10.6409 12.4401 12.0318 11.6659 12.7515C11.4246 12.9759 11.2534 13.135 11.2184 13.1714C11.14 13.2528 11.0601 13.3298 10.9833 13.4038C10.509 13.8611 10.1533 14.204 11.003 14.764C11.4114 15.0331 11.7381 15.2556 12.0641 15.4776C12.4202 15.7201 12.7753 15.9619 13.2347 16.2631C13.3517 16.3398 13.4635 16.4195 13.5724 16.4971C13.9867 16.7925 14.359 17.0578 14.8188 17.0155C15.0861 16.9909 15.3621 16.7397 15.5022 15.9903C15.8335 14.2193 16.4847 10.382 16.6352 8.8008C16.6484 8.66227 16.6318 8.48497 16.6185 8.40714C16.6052 8.32931 16.5773 8.21841 16.4762 8.13632C16.3563 8.0391 16.1714 8.0186 16.0887 8.02006C15.7125 8.02669 15.1355 8.22734 12.3584 9.38243Z"/>
    </symbol>
    <symbol id="iconset--telegram-alt" viewBox="0 0 24 24">
        <path d="M10.6707 14.2269L10.3894 18.1357C10.7918 18.1357 10.966 17.9649 11.175 17.7598L13.0613 15.9783L16.97 18.807C17.6869 19.2018 18.1919 18.9939 18.3853 18.1553L20.951 6.27498L20.9517 6.27428C21.179 5.22708 20.5684 4.81758 19.87 5.07448L4.78923 10.7802C3.76 11.175 3.77558 11.7419 4.61427 11.9988L8.46982 13.1839L17.4255 7.64627C17.847 7.37047 18.2302 7.52307 17.915 7.79887L10.6707 14.2269Z"/>
    </symbol>
    <symbol id="iconset--vk" viewBox="0 0 24 24">
        <path fill-rule="evenodd" clip-rule="evenodd" d="M3.40589 3.40589C2 4.81177 2 7.07452 2 11.6V12.4C2 16.9255 2 19.1882 3.40589 20.5941C4.81177 22 7.07452 22 11.6 22H12.4C16.9255 22 19.1882 22 20.5941 20.5941C22 19.1882 22 16.9255 22 12.4V11.6C22 7.07452 22 4.81177 20.5941 3.40589C19.1882 2 16.9255 2 12.4 2H11.6C7.07452 2 4.81177 2 3.40589 3.40589ZM5.37505 8.08337C5.48338 13.2834 8.08336 16.4084 12.6417 16.4084H12.9001V13.4334C14.5751 13.6 15.8417 14.825 16.35 16.4084H18.7167C18.0667 14.0417 16.3583 12.7334 15.2916 12.2334C16.3583 11.6167 17.8583 10.1167 18.2166 8.08337H16.0666C15.5999 9.73337 14.2167 11.2334 12.9001 11.375V8.08337H10.75V13.85C9.41668 13.5167 7.73337 11.9 7.65837 8.08337H5.37505Z"/>
    </symbol>
    <symbol id="iconset--vk-alt" viewBox="0 0 24 24">
        <path fill-rule="evenodd" clip-rule="evenodd" d="M12.2745 17.9498H13.5297C13.5297 17.9498 13.9089 17.9081 14.1025 17.699C14.2806 17.5071 14.2749 17.1468 14.2749 17.1468C14.2749 17.1468 14.2504 15.4597 15.0321 15.2112C15.8027 14.9665 16.7923 16.8418 17.8411 17.5628C18.6343 18.1085 19.2369 17.9889 19.2369 17.9889L22.0414 17.9498C22.0414 17.9498 23.5084 17.8592 22.8128 16.7039C22.7558 16.6093 22.4077 15.8492 20.7277 14.2871C18.9692 12.6523 19.2047 12.9167 21.3229 10.0888C22.613 8.3666 23.1287 7.31517 22.9676 6.86484C22.8139 6.43592 21.8652 6.54929 21.8652 6.54929L18.7075 6.569C18.7075 6.569 18.4735 6.53701 18.2998 6.64096C18.1302 6.7429 18.021 6.98049 18.021 6.98049C18.021 6.98049 17.5213 8.3132 16.8547 9.4466C15.4487 11.8382 14.8865 11.9644 14.6567 11.8159C14.1221 11.4698 14.2556 10.4255 14.2556 9.68361C14.2556 7.366 14.6065 6.39966 13.5722 6.14951C13.229 6.06641 12.9764 6.01158 12.0986 6.00273C10.9719 5.99102 10.0183 6.00615 9.47832 6.27115C9.1191 6.44735 8.842 6.83999 9.01077 6.86255C9.21945 6.89054 9.69213 6.9902 9.94273 7.33202C10.2663 7.77292 10.2549 8.76325 10.2549 8.76325C10.2549 8.76325 10.4408 11.4915 9.82071 11.8305C9.39507 12.0629 8.81121 11.5883 7.55767 9.41861C6.91536 8.30721 6.43042 7.07872 6.43042 7.07872C6.43042 7.07872 6.33692 6.84913 6.17014 6.72634C5.96772 6.57756 5.68492 6.53016 5.68492 6.53016L2.68435 6.54986C2.68435 6.54986 2.23391 6.56243 2.06855 6.75861C1.92145 6.93309 2.05687 7.29404 2.05687 7.29404C2.05687 7.29404 4.406 12.7991 7.06589 15.5733C9.50483 18.1168 12.2745 17.9498 12.2745 17.9498Z"/>
    </symbol>
    <symbol id="iconset--max" viewBox="0 0 24 24">
        <path fill-rule="evenodd" d="M12.173 19.955c-1.577 0-2.31-.23-3.584-1.151-.806 1.036-3.358 1.845-3.469.46 0-1.04-.23-1.919-.491-2.878-.31-1.182-.664-2.498-.664-4.405C3.965 7.427 7.702 4 12.13 4c4.432 0 7.905 3.595 7.905 8.023a7.904 7.904 0 0 1-7.862 7.932m.065-12.018c-2.157-.111-3.837 1.381-4.21 3.722-.306 1.938.238 4.297.703 4.42.222.054.783-.399 1.132-.748a4 4 0 0 0 1.949.694 4.106 4.106 0 0 0 4.294-3.825 4.106 4.106 0 0 0-3.868-4.26z" clip-rule="evenodd"/>
    </symbol>
    <symbol id="iconset--pinterest" viewBox="0 0 24 24">
        <path fill="transparent" d="M12 22c5.55 0 10.06-4.48 10.06-10S17.56 2 12 2A10.03 10.03 0 0 0 1.94 12c0 5.52 4.5 10 10.06 10"/>
        <path d="M8.27 21.27A10 10 0 0 1 8.48 18l1-4.3a6 6 0 0 1-.28-1.73c0-1.4.68-2.4 1.74-2.4.74 0 1.29.51 1.29 1.5q0 .47-.2 1.07l-.43 1.43a3 3 0 0 0-.13.76c0 1 .77 1.57 1.75 1.57 1.75 0 3-1.8 3-4.14 0-2.6-1.72-4.26-4.24-4.26-2.82 0-4.6 1.83-4.6 4.36 0 1.03.3 1.98.92 2.63-.2.33-.41.4-.74.4-1 0-1.96-1.41-1.96-3.34 0-3.32 2.68-5.97 6.44-5.97 3.95 0 6.43 2.73 6.43 6.1 0 3.4-2.42 5.96-5.02 5.96a3.2 3.2 0 0 1-2.57-1.23l-.51 2.08A10 10 0 0 1 9 21.55 10.02 10.02 0 0 0 22.06 12c0-5.52-4.5-10-10.06-10A10 10 0 0 0 1.94 12a10 10 0 0 0 6.33 9.27"/>
    </symbol>
    <symbol id="iconset--update" viewBox="0 0 24 24">
        <path d="M12 21C10.75 21 9.57917 20.7625 8.4875 20.2875C7.39583 19.8125 6.44583 19.1708 5.6375 18.3625C4.82917 17.5542 4.1875 16.6042 3.7125 15.5125C3.2375 14.4208 3 13.25 3 12C3 10.75 3.2375 9.57917 3.7125 8.4875C4.1875 7.39583 4.82917 6.44583 5.6375 5.6375C6.44583 4.82917 7.39583 4.1875 8.4875 3.7125C9.57917 3.2375 10.75 3 12 3C13.3667 3 14.6625 3.29167 15.8875 3.875C17.1125 4.45833 18.15 5.28333 19 6.35V5C19 4.71667 19.0958 4.47917 19.2875 4.2875C19.4792 4.09583 19.7167 4 20 4C20.2833 4 20.5208 4.09583 20.7125 4.2875C20.9042 4.47917 21 4.71667 21 5V9C21 9.28333 20.9042 9.52083 20.7125 9.7125C20.5208 9.90417 20.2833 10 20 10H16C15.7167 10 15.4792 9.90417 15.2875 9.7125C15.0958 9.52083 15 9.28333 15 9C15 8.71667 15.0958 8.47917 15.2875 8.2875C15.4792 8.09583 15.7167 8 16 8H17.75C17.0667 7.06667 16.225 6.33333 15.225 5.8C14.225 5.26667 13.15 5 12 5C10.05 5 8.39583 5.67917 7.0375 7.0375C5.67917 8.39583 5 10.05 5 12C5 13.95 5.67917 15.6042 7.0375 16.9625C8.39583 18.3208 10.05 19 12 19C13.5833 19 15 18.525 16.25 17.575C17.5 16.625 18.325 15.4 18.725 13.9C18.8083 13.6333 18.9583 13.4333 19.175 13.3C19.3917 13.1667 19.6333 13.1167 19.9 13.15C20.1833 13.1833 20.4083 13.3042 20.575 13.5125C20.7417 13.7208 20.7917 13.95 20.725 14.2C20.2417 16.1833 19.1917 17.8125 17.575 19.0875C15.9583 20.3625 14.1 21 12 21Z"/>
    </symbol>
    <symbol id="iconset--done" viewBox="0 0 24 24">
        <path d="M9.73124 15.15L18.2062 6.675C18.4062 6.475 18.6437 6.375 18.9187 6.375C19.1937 6.375 19.4312 6.475 19.6312 6.675C19.8312 6.875 19.9312 7.1125 19.9312 7.3875C19.9312 7.6625 19.8312 7.9 19.6312 8.1L10.4312 17.3C10.2312 17.5 9.9979 17.6 9.73124 17.6C9.46457 17.6 9.23124 17.5 9.03124 17.3L4.73124 13C4.53124 12.8 4.4354 12.5625 4.44374 12.2875C4.45207 12.0125 4.55624 11.775 4.75624 11.575C4.95624 11.375 5.19374 11.275 5.46874 11.275C5.74374 11.275 5.98124 11.375 6.18124 11.575L9.73124 15.15Z"/>
    </symbol>
    <symbol id="iconset--delete" viewBox="0 0 24 24">
        <path d="M7 21C6.45 21 5.97917 20.8042 5.5875 20.4125C5.19583 20.0208 5 19.55 5 19V6C4.71667 6 4.47917 5.90417 4.2875 5.7125C4.09583 5.52083 4 5.28333 4 5C4 4.71667 4.09583 4.47917 4.2875 4.2875C4.47917 4.09583 4.71667 4 5 4H9C9 3.71667 9.09583 3.47917 9.2875 3.2875C9.47917 3.09583 9.71667 3 10 3H14C14.2833 3 14.5208 3.09583 14.7125 3.2875C14.9042 3.47917 15 3.71667 15 4H19C19.2833 4 19.5208 4.09583 19.7125 4.2875C19.9042 4.47917 20 4.71667 20 5C20 5.28333 19.9042 5.52083 19.7125 5.7125C19.5208 5.90417 19.2833 6 19 6V19C19 19.55 18.8042 20.0208 18.4125 20.4125C18.0208 20.8042 17.55 21 17 21H7ZM7 6V19H17V6H7ZM9 16C9 16.2833 9.09583 16.5208 9.2875 16.7125C9.47917 16.9042 9.71667 17 10 17C10.2833 17 10.5208 16.9042 10.7125 16.7125C10.9042 16.5208 11 16.2833 11 16V9C11 8.71667 10.9042 8.47917 10.7125 8.2875C10.5208 8.09583 10.2833 8 10 8C9.71667 8 9.47917 8.09583 9.2875 8.2875C9.09583 8.47917 9 8.71667 9 9V16ZM13 16C13 16.2833 13.0958 16.5208 13.2875 16.7125C13.4792 16.9042 13.7167 17 14 17C14.2833 17 14.5208 16.9042 14.7125 16.7125C14.9042 16.5208 15 16.2833 15 16V9C15 8.71667 14.9042 8.47917 14.7125 8.2875C14.5208 8.09583 14.2833 8 14 8C13.7167 8 13.4792 8.09583 13.2875 8.2875C13.0958 8.47917 13 8.71667 13 9V16Z"/>
    </symbol>
    <symbol id="iconset--delete-heavy" viewBox="0 0 24 24">
        <path d="M7 21C6.45 21 5.97917 20.8042 5.5875 20.4125C5.19583 20.0208 5 19.55 5 19V6C4.71667 6 4.47917 5.90417 4.2875 5.7125C4.09583 5.52083 4 5.28333 4 5C4 4.71667 4.09583 4.47917 4.2875 4.2875C4.47917 4.09583 4.71667 4 5 4H9C9 3.71667 9.09583 3.47917 9.2875 3.2875C9.47917 3.09583 9.71667 3 10 3H14C14.2833 3 14.5208 3.09583 14.7125 3.2875C14.9042 3.47917 15 3.71667 15 4H19C19.2833 4 19.5208 4.09583 19.7125 4.2875C19.9042 4.47917 20 4.71667 20 5C20 5.28333 19.9042 5.52083 19.7125 5.7125C19.5208 5.90417 19.2833 6 19 6V19C19 19.55 18.8042 20.0208 18.4125 20.4125C18.0208 20.8042 17.55 21 17 21H7ZM9 16C9 16.2833 9.09583 16.5208 9.2875 16.7125C9.47917 16.9042 9.71667 17 10 17C10.2833 17 10.5208 16.9042 10.7125 16.7125C10.9042 16.5208 11 16.2833 11 16V9C11 8.71667 10.9042 8.47917 10.7125 8.2875C10.5208 8.09583 10.2833 8 10 8C9.71667 8 9.47917 8.09583 9.2875 8.2875C9.09583 8.47917 9 8.71667 9 9V16ZM13 16C13 16.2833 13.0958 16.5208 13.2875 16.7125C13.4792 16.9042 13.7167 17 14 17C14.2833 17 14.5208 16.9042 14.7125 16.7125C14.9042 16.5208 15 16.2833 15 16V9C15 8.71667 14.9042 8.47917 14.7125 8.2875C14.5208 8.09583 14.2833 8 14 8C13.7167 8 13.4792 8.09583 13.2875 8.2875C13.0958 8.47917 13 8.71667 13 9V16Z"/>
    </symbol>
    <symbol id="iconset--delete" viewBox="0 0 24 24">
        <path d="M7 21C6.45 21 5.97917 20.8042 5.5875 20.4125C5.19583 20.0208 5 19.55 5 19V6C4.71667 6 4.47917 5.90417 4.2875 5.7125C4.09583 5.52083 4 5.28333 4 5C4 4.71667 4.09583 4.47917 4.2875 4.2875C4.47917 4.09583 4.71667 4 5 4H9C9 3.71667 9.09583 3.47917 9.2875 3.2875C9.47917 3.09583 9.71667 3 10 3H14C14.2833 3 14.5208 3.09583 14.7125 3.2875C14.9042 3.47917 15 3.71667 15 4H19C19.2833 4 19.5208 4.09583 19.7125 4.2875C19.9042 4.47917 20 4.71667 20 5C20 5.28333 19.9042 5.52083 19.7125 5.7125C19.5208 5.90417 19.2833 6 19 6V19C19 19.55 18.8042 20.0208 18.4125 20.4125C18.0208 20.8042 17.55 21 17 21H7ZM7 6V19H17V6H7ZM9 16C9 16.2833 9.09583 16.5208 9.2875 16.7125C9.47917 16.9042 9.71667 17 10 17C10.2833 17 10.5208 16.9042 10.7125 16.7125C10.9042 16.5208 11 16.2833 11 16V9C11 8.71667 10.9042 8.47917 10.7125 8.2875C10.5208 8.09583 10.2833 8 10 8C9.71667 8 9.47917 8.09583 9.2875 8.2875C9.09583 8.47917 9 8.71667 9 9V16ZM13 16C13 16.2833 13.0958 16.5208 13.2875 16.7125C13.4792 16.9042 13.7167 17 14 17C14.2833 17 14.5208 16.9042 14.7125 16.7125C14.9042 16.5208 15 16.2833 15 16V9C15 8.71667 14.9042 8.47917 14.7125 8.2875C14.5208 8.09583 14.2833 8 14 8C13.7167 8 13.4792 8.09583 13.2875 8.2875C13.0958 8.47917 13 8.71667 13 9V16Z"/>
    </symbol>
    <symbol id="iconset--close" viewBox="0 0 24 24">
        <path d="M12 13.3998L7.1 18.2998C6.91667 18.4831 6.68333 18.5748 6.4 18.5748C6.11667 18.5748 5.88333 18.4831 5.7 18.2998C5.51667 18.1165 5.425 17.8831 5.425 17.5998C5.425 17.3165 5.51667 17.0831 5.7 16.8998L10.6 11.9998L5.7 7.0998C5.51667 6.91647 5.425 6.68314 5.425 6.3998C5.425 6.11647 5.51667 5.88314 5.7 5.6998C5.88333 5.51647 6.11667 5.4248 6.4 5.4248C6.68333 5.4248 6.91667 5.51647 7.1 5.6998L12 10.5998L16.9 5.6998C17.0833 5.51647 17.3167 5.4248 17.6 5.4248C17.8833 5.4248 18.1167 5.51647 18.3 5.6998C18.4833 5.88314 18.575 6.11647 18.575 6.3998C18.575 6.68314 18.4833 6.91647 18.3 7.0998L13.4 11.9998L18.3 16.8998C18.4833 17.0831 18.575 17.3165 18.575 17.5998C18.575 17.8831 18.4833 18.1165 18.3 18.2998C18.1167 18.4831 17.8833 18.5748 17.6 18.5748C17.3167 18.5748 17.0833 18.4831 16.9 18.2998L12 13.3998Z"/>
    </symbol>
    <symbol id="iconset--close-heavy" viewBox="0 0 24 24">
        <path d="M12 13.8523L7.3261 18.5262C7.07682 18.7755 6.76812 18.9001 6.4 18.9001C6.03188 18.9001 5.72318 18.7755 5.4739 18.5262C5.22462 18.2769 5.09998 17.9682 5.09998 17.6001C5.09998 17.232 5.22462 16.9233 5.4739 16.674L10.1478 12.0001L5.4739 7.32622C5.22462 7.07694 5.09998 6.76824 5.09998 6.40012C5.09998 6.03201 5.22462 5.72331 5.4739 5.47402C5.72318 5.22474 6.03188 5.1001 6.4 5.1001C6.76812 5.1001 7.07682 5.22474 7.3261 5.47402L12 10.1479L16.6739 5.47402C16.9232 5.22474 17.2319 5.1001 17.6 5.1001C17.9681 5.1001 18.2768 5.22474 18.5261 5.47402C18.7754 5.72331 18.9 6.03201 18.9 6.40012C18.9 6.76824 18.7754 7.07694 18.5261 7.32622L13.8522 12.0001L18.5261 16.674C18.7754 16.9233 18.9 17.232 18.9 17.6001C18.9 17.9682 18.7754 18.2769 18.5261 18.5262C18.2768 18.7755 17.9681 18.9001 17.6 18.9001C17.2319 18.9001 16.9232 18.7755 16.6739 18.5262L12 13.8523Z"/>
    </symbol>
    <symbol id="iconset--neutral" viewBox="0 0 24 24">
        <path d="M15.5 11C15.9333 11 16.2917 10.8583 16.575 10.575C16.8583 10.2917 17 9.93333 17 9.5C17 9.06667 16.8583 8.70833 16.575 8.425C16.2917 8.14167 15.9333 8 15.5 8C15.0667 8 14.7083 8.14167 14.425 8.425C14.1417 8.70833 14 9.06667 14 9.5C14 9.93333 14.1417 10.2917 14.425 10.575C14.7083 10.8583 15.0667 11 15.5 11ZM8.5 11C8.93333 11 9.29167 10.8583 9.575 10.575C9.85833 10.2917 10 9.93333 10 9.5C10 9.06667 9.85833 8.70833 9.575 8.425C9.29167 8.14167 8.93333 8 8.5 8C8.06667 8 7.70833 8.14167 7.425 8.425C7.14167 8.70833 7 9.06667 7 9.5C7 9.93333 7.14167 10.2917 7.425 10.575C7.70833 10.8583 8.06667 11 8.5 11ZM9.75 15.5H14.25C14.4667 15.5 14.6458 15.4292 14.7875 15.2875C14.9292 15.1458 15 14.9667 15 14.75C15 14.5333 14.9292 14.3542 14.7875 14.2125C14.6458 14.0708 14.4667 14 14.25 14H9.75C9.53333 14 9.35417 14.0708 9.2125 14.2125C9.07083 14.3542 9 14.5333 9 14.75C9 14.9667 9.07083 15.1458 9.2125 15.2875C9.35417 15.4292 9.53333 15.5 9.75 15.5ZM12 22C10.6167 22 9.31667 21.7375 8.1 21.2125C6.88333 20.6875 5.825 19.975 4.925 19.075C4.025 18.175 3.3125 17.1167 2.7875 15.9C2.2625 14.6833 2 13.3833 2 12C2 10.6167 2.2625 9.31667 2.7875 8.1C3.3125 6.88333 4.025 5.825 4.925 4.925C5.825 4.025 6.88333 3.3125 8.1 2.7875C9.31667 2.2625 10.6167 2 12 2C13.3833 2 14.6833 2.2625 15.9 2.7875C17.1167 3.3125 18.175 4.025 19.075 4.925C19.975 5.825 20.6875 6.88333 21.2125 8.1C21.7375 9.31667 22 10.6167 22 12C22 13.3833 21.7375 14.6833 21.2125 15.9C20.6875 17.1167 19.975 18.175 19.075 19.075C18.175 19.975 17.1167 20.6875 15.9 21.2125C14.6833 21.7375 13.3833 22 12 22ZM12 20C14.2167 20 16.1042 19.2208 17.6625 17.6625C19.2208 16.1042 20 14.2167 20 12C20 9.78333 19.2208 7.89583 17.6625 6.3375C16.1042 4.77917 14.2167 4 12 4C9.78333 4 7.89583 4.77917 6.3375 6.3375C4.77917 7.89583 4 9.78333 4 12C4 14.2167 4.77917 16.1042 6.3375 17.6625C7.89583 19.2208 9.78333 20 12 20Z"/>
    </symbol>
    <symbol id="iconset--favorite-heavy" viewBox="0 0 24 24">
        <path d="M6 6.00019C6 5.00608 6.80589 4.2002 7.8 4.2002H16.2C17.1941 4.2002 18 5.00608 18 6.0002V18.8294C18 19.2754 17.5306 19.5655 17.1317 19.366L12 16.8002L6.86833 19.366C6.46939 19.5655 6 19.2754 6 18.8294V6.00019Z"/>
    </symbol>
    <symbol id="iconset--favorite-heavy-tizers" viewBox="0 0 36 36">
        <path d="M 32.4,56.4 C 32.0667,56.5333 31.75,56.5042 31.45,56.3125 31.15,56.1208 31,55.8417 31,55.475 V 41 c 0,-0.55 0.1958,-1.0208 0.5875,-1.4125 C 31.9792,39.1958 32.45,39 33,39 h 10 c 0.55,0 1.0208,0.1958 1.4125,0.5875 C 44.8042,39.9792 45,40.45 45,41 v 14.475 c 0,0.3667 -0.15,0.6458 -0.45,0.8375 -0.3,0.1917 -0.6167,0.2208 -0.95,0.0875 L 38,54 Z" transform="translate(-20,-30)"/>
    </symbol>
    <symbol id="iconset--expand-up" viewBox="0 0 24 24">
        <path d="M6.7 14.6754C6.51667 14.4921 6.425 14.2587 6.425 13.9754C6.425 13.6921 6.51667 13.4587 6.7 13.2754L11.3 8.67539C11.4 8.57539 11.5083 8.50456 11.625 8.46289C11.7417 8.42122 11.8667 8.40039 12 8.40039C12.1333 8.40039 12.2583 8.42122 12.375 8.46289C12.4917 8.50456 12.6 8.57539 12.7 8.67539L17.325 13.3004C17.5083 13.4837 17.6 13.7087 17.6 13.9754C17.6 14.2421 17.5 14.4754 17.3 14.6754C17.1167 14.8587 16.8833 14.9504 16.6 14.9504C16.3167 14.9504 16.0833 14.8587 15.9 14.6754L12 10.7754L8.075 14.7004C7.89167 14.8837 7.66667 14.9754 7.4 14.9754C7.13333 14.9754 6.9 14.8754 6.7 14.6754Z"/>
    </symbol>
    <symbol id="iconset--expand-down" viewBox="0 0 24 24">
        <path d="M12 14.9498C11.8667 14.9498 11.7417 14.9289 11.625 14.8873C11.5083 14.8456 11.4 14.7748 11.3 14.6748L6.675 10.0498C6.49167 9.86643 6.40417 9.63726 6.4125 9.36226C6.42083 9.08726 6.51667 8.8581 6.7 8.67476C6.88333 8.49143 7.11667 8.39976 7.4 8.39976C7.68333 8.39976 7.91667 8.49143 8.1 8.67476L12 12.5748L15.925 8.64976C16.1083 8.46643 16.3375 8.37893 16.6125 8.38726C16.8875 8.3956 17.1167 8.49143 17.3 8.67476C17.4833 8.8581 17.575 9.09143 17.575 9.37476C17.575 9.6581 17.4833 9.89143 17.3 10.0748L12.7 14.6748C12.6 14.7748 12.4917 14.8456 12.375 14.8873C12.2583 14.9289 12.1333 14.9498 12 14.9498Z"/>
    </symbol>
    <symbol id="iconset--chevron-right" viewBox="0 0 24 24">
        <path d="M8.7 17.2998C8.51667 17.1165 8.425 16.8831 8.425 16.5998C8.425 16.3165 8.51667 16.0831 8.7 15.8998L12.6 11.9998L8.7 8.0998C8.51667 7.91647 8.425 7.68314 8.425 7.3998C8.425 7.11647 8.51667 6.88314 8.7 6.6998C8.88333 6.51647 9.11667 6.4248 9.4 6.4248C9.68333 6.4248 9.91667 6.51647 10.1 6.6998L14.7 11.2998C14.8 11.3998 14.8708 11.5081 14.9125 11.6248C14.9542 11.7415 14.975 11.8665 14.975 11.9998C14.975 12.1331 14.9542 12.2581 14.9125 12.3748C14.8708 12.4915 14.8 12.5998 14.7 12.6998L10.1 17.2998C9.91667 17.4831 9.68333 17.5748 9.4 17.5748C9.11667 17.5748 8.88333 17.4831 8.7 17.2998Z"/>
    </symbol>
    <symbol id="iconset--chevron-left" viewBox="0 0 24 24">
        <path d="M13.3 17.2998L8.7 12.6998C8.6 12.5998 8.52917 12.4915 8.4875 12.3748C8.44583 12.2581 8.425 12.1331 8.425 11.9998C8.425 11.8665 8.44583 11.7415 8.4875 11.6248C8.52917 11.5081 8.6 11.3998 8.7 11.2998L13.3 6.6998C13.4833 6.51647 13.7167 6.4248 14 6.4248C14.2833 6.4248 14.5167 6.51647 14.7 6.6998C14.8833 6.88314 14.975 7.11647 14.975 7.3998C14.975 7.68314 14.8833 7.91647 14.7 8.0998L10.8 11.9998L14.7 15.8998C14.8833 16.0831 14.975 16.3165 14.975 16.5998C14.975 16.8831 14.8833 17.1165 14.7 17.2998C14.5167 17.4831 14.2833 17.5748 14 17.5748C13.7167 17.5748 13.4833 17.4831 13.3 17.2998Z"/>
    </symbol>
    <symbol id="iconset--star" viewBox="0 0 24 24">
        <path d="M8.85002 17.0698L12 15.1698L15.15 17.0948L14.325 13.4948L17.1 11.0948L13.45 10.7698L12 7.36982L10.55 10.7448L6.90001 11.0698L9.67501 13.4948L8.85002 17.0698ZM12 17.5198L7.85002 20.0198C7.66668 20.1365 7.47501 20.1865 7.27501 20.1698C7.07501 20.1532 6.90002 20.0865 6.75002 19.9698C6.60001 19.8532 6.48335 19.7073 6.40002 19.5323C6.31668 19.3573 6.30002 19.1615 6.35002 18.9448L7.45002 14.2198L3.77502 11.0448C3.60835 10.8948 3.50418 10.724 3.46252 10.5323C3.42085 10.3407 3.43335 10.1532 3.50002 9.96982C3.56668 9.78649 3.66668 9.63649 3.80002 9.51982C3.93335 9.40316 4.11668 9.32816 4.35002 9.29482L9.20002 8.86982L11.075 4.41982C11.1583 4.21982 11.2875 4.06982 11.4625 3.96982C11.6375 3.86982 11.8167 3.81982 12 3.81982C12.1833 3.81982 12.3625 3.86982 12.5375 3.96982C12.7125 4.06982 12.8417 4.21982 12.925 4.41982L14.8 8.86982L19.65 9.29482C19.8833 9.32816 20.0667 9.40316 20.2 9.51982C20.3333 9.63649 20.4333 9.78649 20.5 9.96982C20.5667 10.1532 20.5792 10.3407 20.5375 10.5323C20.4958 10.724 20.3917 10.8948 20.225 11.0448L16.55 14.2198L17.65 18.9448C17.7 19.1615 17.6833 19.3573 17.6 19.5323C17.5167 19.7073 17.4 19.8532 17.25 19.9698C17.1 20.0865 16.925 20.1532 16.725 20.1698C16.525 20.1865 16.3333 20.1365 16.15 20.0198L12 17.5198Z"/>
    </symbol>
    <symbol id="iconset--lock-close" viewBox="0 0 24 24">
        <path d="M5.50879 22C4.95879 22 4.48796 21.8042 4.09629 21.4125C3.70462 21.0208 3.50879 20.55 3.50879 20V10C3.50879 9.45 3.70462 8.97917 4.09629 8.5875C4.48796 8.19583 4.95879 8 5.50879 8H6.50879V6C6.50879 4.61667 6.99629 3.4375 7.97129 2.4625C8.94629 1.4875 10.1255 1 11.5088 1C12.8921 1 14.0713 1.4875 15.0463 2.4625C16.0213 3.4375 16.5088 4.61667 16.5088 6V8H17.5088C18.0588 8 18.5296 8.19583 18.9213 8.5875C19.313 8.97917 19.5088 9.45 19.5088 10V20C19.5088 20.55 19.313 21.0208 18.9213 21.4125C18.5296 21.8042 18.0588 22 17.5088 22H5.50879ZM5.50879 20H17.5088V10H5.50879V20ZM11.5088 17C12.0588 17 12.5296 16.8042 12.9213 16.4125C13.313 16.0208 13.5088 15.55 13.5088 15C13.5088 14.45 13.313 13.9792 12.9213 13.5875C12.5296 13.1958 12.0588 13 11.5088 13C10.9588 13 10.488 13.1958 10.0963 13.5875C9.70462 13.9792 9.50879 14.45 9.50879 15C9.50879 15.55 9.70462 16.0208 10.0963 16.4125C10.488 16.8042 10.9588 17 11.5088 17ZM8.50879 8H14.5088V6C14.5088 5.16667 14.2171 4.45833 13.6338 3.875C13.0505 3.29167 12.3421 3 11.5088 3C10.6755 3 9.96712 3.29167 9.38379 3.875C8.80046 4.45833 8.50879 5.16667 8.50879 6V8Z"/>
    </symbol>
    <symbol id="iconset--lock-close-heavy" viewBox="0 0 24 24">
        <path d="M5.50879 22.281C4.95879 22.281 4.48796 22.0852 4.09629 21.6935C3.70462 21.3018 3.50879 20.831 3.50879 20.281V10.281C3.50879 9.73101 3.70462 9.26017 4.09629 8.86851C4.48796 8.47684 4.95879 8.28101 5.50879 8.28101H6.50879V6.28101C6.50879 4.89767 6.99629 3.71851 7.97129 2.74351C8.94629 1.76851 10.1255 1.28101 11.5088 1.28101C12.8921 1.28101 14.0713 1.76851 15.0463 2.74351C16.0213 3.71851 16.5088 4.89767 16.5088 6.28101V8.28101H17.5088C18.0588 8.28101 18.5296 8.47684 18.9213 8.86851C19.313 9.26017 19.5088 9.73101 19.5088 10.281V20.281C19.5088 20.831 19.313 21.3018 18.9213 21.6935C18.5296 22.0852 18.0588 22.281 17.5088 22.281H5.50879ZM11.5088 17.281C12.0588 17.281 12.5296 17.0852 12.9213 16.6935C13.313 16.3018 13.5088 15.831 13.5088 15.281C13.5088 14.731 13.313 14.2602 12.9213 13.8685C12.5296 13.4768 12.0588 13.281 11.5088 13.281C10.9588 13.281 10.488 13.4768 10.0963 13.8685C9.70462 14.2602 9.50879 14.731 9.50879 15.281C9.50879 15.831 9.70462 16.3018 10.0963 16.6935C10.488 17.0852 10.9588 17.281 11.5088 17.281ZM8.50879 8.28101H14.5088V6.28101C14.5088 5.44767 14.2171 4.73934 13.6338 4.15601C13.0505 3.57267 12.3421 3.28101 11.5088 3.28101C10.6755 3.28101 9.96712 3.57267 9.38379 4.15601C8.80046 4.73934 8.50879 5.44767 8.50879 6.28101V8.28101Z"/>
    </symbol>
    <symbol id="iconset--edit-heavy" viewBox="0 0 24 24">
        <path d="M19.3 8.925L15.05 4.725L16.45 3.325C16.8333 2.94167 17.3042 2.75 17.8625 2.75C18.4208 2.75 18.8917 2.94167 19.275 3.325L20.675 4.725C21.0583 5.10833 21.2583 5.57083 21.275 6.1125C21.2917 6.65417 21.1083 7.11667 20.725 7.5L19.3 8.925ZM17.85 10.4L7.25 21H3V16.75L13.6 6.15L17.85 10.4Z"/>
    </symbol>
    <symbol id="iconset--star-heavy" viewBox="0 0 24 24">
        <path d="M12 17.5198L7.85002 20.0198C7.66668 20.1365 7.47501 20.1865 7.27501 20.1698C7.07501 20.1532 6.90002 20.0865 6.75002 19.9698C6.60001 19.8532 6.48335 19.7073 6.40002 19.5323C6.31668 19.3573 6.30002 19.1615 6.35002 18.9448L7.45002 14.2198L3.77502 11.0448C3.60835 10.8948 3.50418 10.724 3.46252 10.5323C3.42085 10.3407 3.43335 10.1532 3.50002 9.96982C3.56668 9.78649 3.66668 9.63649 3.80002 9.51982C3.93335 9.40316 4.11668 9.32816 4.35002 9.29482L9.20002 8.86982L11.075 4.41982C11.1583 4.21982 11.2875 4.06982 11.4625 3.96982C11.6375 3.86982 11.8167 3.81982 12 3.81982C12.1833 3.81982 12.3625 3.86982 12.5375 3.96982C12.7125 4.06982 12.8417 4.21982 12.925 4.41982L14.8 8.86982L19.65 9.29482C19.8833 9.32816 20.0667 9.40316 20.2 9.51982C20.3333 9.63649 20.4333 9.78649 20.5 9.96982C20.5667 10.1532 20.5792 10.3407 20.5375 10.5323C20.4958 10.724 20.3917 10.8948 20.225 11.0448L16.55 14.2198L17.65 18.9448C17.7 19.1615 17.6833 19.3573 17.6 19.5323C17.5167 19.7073 17.4 19.8532 17.25 19.9698C17.1 20.0865 16.925 20.1532 16.725 20.1698C16.525 20.1865 16.3333 20.1365 16.15 20.0198L12 17.5198Z"/>
    </symbol>
    <symbol id="iconset--add" viewBox="0 0 24 24">
        <path d="M12 19C11.7167 19 11.4792 18.9042 11.2875 18.7125C11.0958 18.5208 11 18.2833 11 18V13H6C5.71667 13 5.47917 12.9042 5.2875 12.7125C5.09583 12.5208 5 12.2833 5 12C5 11.7167 5.09583 11.4792 5.2875 11.2875C5.47917 11.0958 5.71667 11 6 11H11V6C11 5.71667 11.0958 5.47917 11.2875 5.2875C11.4792 5.09583 11.7167 5 12 5C12.2833 5 12.5208 5.09583 12.7125 5.2875C12.9042 5.47917 13 5.71667 13 6V11H18C18.2833 11 18.5208 11.0958 18.7125 11.2875C18.9042 11.4792 19 11.7167 19 12C19 12.2833 18.9042 12.5208 18.7125 12.7125C18.5208 12.9042 18.2833 13 18 13H13V18C13 18.2833 12.9042 18.5208 12.7125 18.7125C12.5208 18.9042 12.2833 19 12 19Z"/>
    </symbol>
    <symbol id="iconset--remove" viewBox="0 0 24 24">
        <path d="M6 13C5.71667 13 5.47917 12.9042 5.2875 12.7125C5.09583 12.5208 5 12.2833 5 12C5 11.7167 5.09583 11.4792 5.2875 11.2875C5.47917 11.0958 5.71667 11 6 11H18C18.2833 11 18.5208 11.0958 18.7125 11.2875C18.9042 11.4792 19 11.7167 19 12C19 12.2833 18.9042 12.5208 18.7125 12.7125C18.5208 12.9042 18.2833 13 18 13H6Z"/>
    </symbol>
    <symbol id="iconset--done" viewBox="0 0 24 24">
        <path d="M9.73124 15.15L18.2062 6.675C18.4062 6.475 18.6437 6.375 18.9187 6.375C19.1937 6.375 19.4312 6.475 19.6312 6.675C19.8312 6.875 19.9312 7.1125 19.9312 7.3875C19.9312 7.6625 19.8312 7.9 19.6312 8.1L10.4312 17.3C10.2312 17.5 9.9979 17.6 9.73124 17.6C9.46457 17.6 9.23124 17.5 9.03124 17.3L4.73124 13C4.53124 12.8 4.4354 12.5625 4.44374 12.2875C4.45207 12.0125 4.55624 11.775 4.75624 11.575C4.95624 11.375 5.19374 11.275 5.46874 11.275C5.74374 11.275 5.98124 11.375 6.18124 11.575L9.73124 15.15Z"/>
    </symbol>
    <symbol id="iconset--back" viewBox="0 0 24 24">
        <path d="M10.875 19.3001L4.275 12.7001C4.175 12.6001 4.10417 12.4918 4.0625 12.3751C4.02083 12.2584 4 12.1334 4 12.0001C4 11.8668 4.02083 11.7418 4.0625 11.6251C4.10417 11.5084 4.175 11.4001 4.275 11.3001L10.875 4.70011C11.0583 4.51678 11.2875 4.42094 11.5625 4.41261C11.8375 4.40428 12.075 4.50011 12.275 4.70011C12.475 4.88344 12.5792 5.11261 12.5875 5.38761C12.5958 5.66261 12.5 5.90011 12.3 6.10011L7.4 11.0001H18.575C18.8583 11.0001 19.0958 11.0959 19.2875 11.2876C19.4792 11.4793 19.575 11.7168 19.575 12.0001C19.575 12.2834 19.4792 12.5209 19.2875 12.7126C19.0958 12.9043 18.8583 13.0001 18.575 13.0001H7.4L12.3 17.9001C12.4833 18.0834 12.5792 18.3168 12.5875 18.6001C12.5958 18.8834 12.5 19.1168 12.3 19.3001C12.1167 19.5001 11.8833 19.6001 11.6 19.6001C11.3167 19.6001 11.075 19.5001 10.875 19.3001Z"/>
    </symbol>
    <symbol id="iconset--search" viewBox="0 0 24 24">
        <path d="M18.4 20.3L12.8 14.7C12.3 15.1 11.725 15.4167 11.075 15.65C10.425 15.8833 9.73333 16 9 16C7.18333 16 5.64583 15.3708 4.3875 14.1125C3.12917 12.8542 2.5 11.3167 2.5 9.5C2.5 7.68333 3.12917 6.14583 4.3875 4.8875C5.64583 3.62917 7.18333 3 9 3C10.8167 3 12.3542 3.62917 13.6125 4.8875C14.8708 6.14583 15.5 7.68333 15.5 9.5C15.5 10.2333 15.3833 10.925 15.15 11.575C14.9167 12.225 14.6 12.8 14.2 13.3L19.825 18.925C20.0083 19.1083 20.1 19.3333 20.1 19.6C20.1 19.8667 20 20.1 19.8 20.3C19.6167 20.4833 19.3833 20.575 19.1 20.575C18.8167 20.575 18.5833 20.4833 18.4 20.3ZM9 14C10.25 14 11.3125 13.5625 12.1875 12.6875C13.0625 11.8125 13.5 10.75 13.5 9.5C13.5 8.25 13.0625 7.1875 12.1875 6.3125C11.3125 5.4375 10.25 5 9 5C7.75 5 6.6875 5.4375 5.8125 6.3125C4.9375 7.1875 4.5 8.25 4.5 9.5C4.5 10.75 4.9375 11.8125 5.8125 12.6875C6.6875 13.5625 7.75 14 9 14Z"/>
    </symbol>
    <symbol id="iconset--ios-back" viewBox="0 0 24 24">
        <path d="M14.875 19.3001L8.275 12.7001C8.175 12.6001 8.10417 12.4918 8.0625 12.3751C8.02083 12.2584 8 12.1334 8 12.0001C8 11.8668 8.02083 11.7418 8.0625 11.6251C8.10417 11.5084 8.175 11.4001 8.275 11.3001L14.875 4.70011C15.0583 4.51678 15.2875 4.42094 15.5625 4.41261C15.8375 4.40428 16.075 4.50011 16.275 4.70011C16.475 4.88344 16.5792 5.11261 16.5875 5.38761C16.5958 5.66261 16.5 5.90011 16.3 6.10011L10.5 12.0001L16.3 17.9001C16.4833 18.0834 16.5792 18.3168 16.5875 18.6001C16.5958 18.8834 16.5 19.1168 16.3 19.3001C16.1167 19.5001 15.8833 19.6001 15.6 19.6001C15.3167 19.6001 15.075 19.5001 14.875 19.3001Z"/>
    </symbol>
    <symbol id="iconset--navigation-heavy" viewBox="0 0 24 24">
        <path d="M10.05 13.95L3.57501 11.325C3.35835 11.2417 3.20001 11.1125 3.10001 10.9375C3.00001 10.7625 2.95001 10.5834 2.95001 10.4C2.95001 10.2167 3.00418 10.0375 3.11251 9.86252C3.22085 9.68752 3.38335 9.55836 3.60001 9.47502L18.95 3.77502C19.15 3.69169 19.3417 3.67502 19.525 3.72502C19.7083 3.77502 19.8667 3.86669 20 4.00002C20.1333 4.13336 20.225 4.29169 20.275 4.47502C20.325 4.65836 20.3083 4.85002 20.225 5.05002L14.525 20.4C14.4417 20.6167 14.3125 20.7792 14.1375 20.8875C13.9625 20.9959 13.7833 21.05 13.6 21.05C13.4167 21.05 13.2375 21 13.0625 20.9C12.8875 20.8 12.7583 20.6417 12.675 20.425L10.05 13.95Z" />
    </symbol>
    <symbol id="iconset--add" viewBox="0 0 24 24">
        <path d="M12 19C11.7167 19 11.4792 18.9042 11.2875 18.7125C11.0958 18.5208 11 18.2833 11 18V13H6C5.71667 13 5.47917 12.9042 5.2875 12.7125C5.09583 12.5208 5 12.2833 5 12C5 11.7167 5.09583 11.4792 5.2875 11.2875C5.47917 11.0958 5.71667 11 6 11H11V6C11 5.71667 11.0958 5.47917 11.2875 5.2875C11.4792 5.09583 11.7167 5 12 5C12.2833 5 12.5208 5.09583 12.7125 5.2875C12.9042 5.47917 13 5.71667 13 6V11H18C18.2833 11 18.5208 11.0958 18.7125 11.2875C18.9042 11.4792 19 11.7167 19 12C19 12.2833 18.9042 12.5208 18.7125 12.7125C18.5208 12.9042 18.2833 13 18 13H13V18C13 18.2833 12.9042 18.5208 12.7125 18.7125C12.5208 18.9042 12.2833 19 12 19Z" />
    </symbol>
    <symbol id="iconset--remove" viewBox="0 0 24 24">
        <path d="M6 13C5.71667 13 5.47917 12.9042 5.2875 12.7125C5.09583 12.5208 5 12.2833 5 12C5 11.7167 5.09583 11.4792 5.2875 11.2875C5.47917 11.0958 5.71667 11 6 11H18C18.2833 11 18.5208 11.0958 18.7125 11.2875C18.9042 11.4792 19 11.7167 19 12C19 12.2833 18.9042 12.5208 18.7125 12.7125C18.5208 12.9042 18.2833 13 18 13H6Z"/>
    </symbol>
    <symbol id="iconset--help-heavy" viewBox="0 0 24 24">
        <path d="M11.95 18C12.3 18 12.5958 17.8792 12.8375 17.6375C13.0792 17.3958 13.2 17.1 13.2 16.75C13.2 16.4 13.0792 16.1042 12.8375 15.8625C12.5958 15.6208 12.3 15.5 11.95 15.5C11.6 15.5 11.3042 15.6208 11.0625 15.8625C10.8208 16.1042 10.7 16.4 10.7 16.75C10.7 17.1 10.8208 17.3958 11.0625 17.6375C11.3042 17.8792 11.6 18 11.95 18ZM12 22C10.6167 22 9.31667 21.7375 8.1 21.2125C6.88333 20.6875 5.825 19.975 4.925 19.075C4.025 18.175 3.3125 17.1167 2.7875 15.9C2.2625 14.6833 2 13.3833 2 12C2 10.6167 2.2625 9.31667 2.7875 8.1C3.3125 6.88333 4.025 5.825 4.925 4.925C5.825 4.025 6.88333 3.3125 8.1 2.7875C9.31667 2.2625 10.6167 2 12 2C13.3833 2 14.6833 2.2625 15.9 2.7875C17.1167 3.3125 18.175 4.025 19.075 4.925C19.975 5.825 20.6875 6.88333 21.2125 8.1C21.7375 9.31667 22 10.6167 22 12C22 13.3833 21.7375 14.6833 21.2125 15.9C20.6875 17.1167 19.975 18.175 19.075 19.075C18.175 19.975 17.1167 20.6875 15.9 21.2125C14.6833 21.7375 13.3833 22 12 22ZM12.1 7.7C12.5167 7.7 12.8792 7.83333 13.1875 8.1C13.4958 8.36667 13.65 8.7 13.65 9.1C13.65 9.46667 13.5375 9.79167 13.3125 10.075C13.0875 10.3583 12.8333 10.625 12.55 10.875C12.1667 11.2083 11.8292 11.575 11.5375 11.975C11.2458 12.375 11.1 12.825 11.1 13.325C11.1 13.5583 11.1875 13.7542 11.3625 13.9125C11.5375 14.0708 11.7417 14.15 11.975 14.15C12.225 14.15 12.4375 14.0667 12.6125 13.9C12.7875 13.7333 12.9 13.525 12.95 13.275C13.0167 12.925 13.1667 12.6125 13.4 12.3375C13.6333 12.0625 13.8833 11.8 14.15 11.55C14.5333 11.1833 14.8625 10.7833 15.1375 10.35C15.4125 9.91667 15.55 9.43333 15.55 8.9C15.55 8.05 15.2042 7.35417 14.5125 6.8125C13.8208 6.27083 13.0167 6 12.1 6C11.4667 6 10.8625 6.13333 10.2875 6.4C9.7125 6.66667 9.275 7.075 8.975 7.625C8.85833 7.825 8.82083 8.0375 8.8625 8.2625C8.90417 8.4875 9.01667 8.65833 9.2 8.775C9.43333 8.90833 9.675 8.95 9.925 8.9C10.175 8.85 10.3833 8.70833 10.55 8.475C10.7333 8.225 10.9625 8.03333 11.2375 7.9C11.5125 7.76667 11.8 7.7 12.1 7.7Z"/>
    </symbol>
    <symbol id="icon-chevron-left" viewBox="0 0 9 13">
        <path d="m 7.4427019,0.23773899 c -0.292459,6.0132e-4 -0.584958,0.10988833 -0.808594,0.32617187 l -4.599609,4.44726564 -1.544922,1.4960937 1.544922,1.4941406 4.587891,4.4375002 c 0.432654,0.418516 1.12736,0.429254 1.5820309,0.04102 0.407905,-0.439642 0.401689,-1.112736 -0.03711,-1.53711 L 3.5794209,6.5072702 8.1790298,2.0580515 C 8.6124848,1.6388463 8.6184618,0.96894485 8.2102798,0.53461399 7.9907569,0.34069367 7.7186979,0.23717153 7.4427019,0.23773899 Z m 0.7675779,0.296875 c 0.01309,0.011567 0.03029,0.0150803 0.04297,0.0273438 l -0.07227,-0.0703125 c 0.01308,0.0126472 0.01699,0.0298733 0.0293,0.0429687 z m -0.0059,11.94531301 c -0.0139,0.01498 -0.01832,0.03442 -0.0332,0.04883 l 0.0918,-0.08594 c -0.01719,0.01664 -0.04061,0.02175 -0.05859,0.03711 z"/>
    </symbol>
    <symbol id="icon-chevron-right" viewBox="0 0 9 13">
        <path d="m 1.5572981,0.23773936 c -0.2759959,-5.67e-4 -0.5480551,0.102955 -0.76757811,0.296875 -0.40818201,0.434331 -0.40220454,1.10423304 0.03125,1.52343804 L 5.4205793,6.5072704 0.83268873,10.942817 c -0.43879864,0.424374 -0.44501436,1.097468 -0.0371094,1.53711 0.45467097,0.388238 1.14937647,0.3775 1.58203127,-0.04102 L 6.9655012,8.0014114 8.5104231,6.5072704 6.9655012,5.0111774 2.3658919,0.56391136 c -0.2236353,-0.216283 -0.5161351,-0.32557 -0.8085938,-0.326172 z M 0.79557936,12.479927 c -0.0179849,-0.01536 -0.0414062,-0.02047 -0.0585938,-0.03711 l 0.0917969,0.08594 c -0.0148816,-0.01441 -0.0193056,-0.03385 -0.0332031,-0.04883 z M 0.78972036,0.53461436 c 0.0123071,-0.01309 0.0162225,-0.03032 0.0292969,-0.04297 l -0.0722656,0.07031 c 0.0126777,-0.01226 0.0298746,-0.01578 0.0429688,-0.02734 z"/>
    </symbol>
    <symbol id="icon-star" viewBox="0 0 17 16">
        <path fill-rule="evenodd" clip-rule="evenodd" d="M11.4372 4.59582L9.4644 0.836797C9.0567 0.0599532 7.94448 0.0601425 7.53704 0.837126L5.56604 4.59582L1.29709 5.17848C0.383757 5.30314 0.0293787 6.43585 0.708803 7.05882L3.7498 9.84713L3.01674 13.8693C2.85631 14.7495 3.76773 15.4365 4.56978 15.0398L8.50041 13.0958L12.4301 15.0397C13.2322 15.4364 14.1437 14.7494 13.9832 13.8691L13.2502 9.84713L16.2913 7.05869C16.9707 6.43574 16.6164 5.30307 15.7031 5.17836L11.4372 4.59582Z" />
    </symbol>
    <symbol id="rating-left" width="5" height="5" viewBox="0 0 5 5" fill="none">
        <path d="M5 0L4.84964 1.20289C4.63996 2.88029 3.39845 4.24479 1.74825 4.6115L0 5H5V0Z" fill="white"/>
    </symbol>
    <symbol id="rating-right" width="5" height="5" viewBox="0 0 5 5" fill="none">
        <path d="M0 0L0.150361 1.20289C0.360036 2.88029 1.60155 4.24479 3.25175 4.6115L5 5H0V0Z" fill="white"/>
    </symbol>
    <symbol id="icon-comments" viewBox="0 0 13 12">
        <path d="M 3,0 C 1.3431457,0 0,1.3431457 0,3 l 0,3 c 0,1.6568542 1.3431457,3 3,3 l 7,0 3,3 0,-3 0,-6 C 13,1.3431457 11.656854,0 10,0 L 3,0 Z" id="Combined-Shape"/>
    </symbol>
    <symbol id="icon-svg-comments" viewBox="0 0 24 24">
        <path d="M18.6667 7.66668C18.6667 6.93334 18.0667 6.33334 17.3333 6.33334H6.66666C5.93333 6.33334 5.33333 6.93334 5.33333 7.66668V15.6667C5.33333 16.4 5.93333 17 6.66666 17H16L18.6667 19.6667V7.66668Z" />
    </symbol>
    <symbol id="ic-svg-comment-new" viewBox="0 0 16 16">
        <path d="M14 7.66666C14.0023 8.54657 13.7967 9.41458 13.4 10.2C12.9296 11.1412 12.2065 11.9328 11.3116 12.4862C10.4168 13.0396 9.3855 13.3329 8.33333 13.3333C7.45342 13.3356 6.58541 13.13 5.8 12.7333L2 14L3.26667 10.2C2.86995 9.41458 2.66437 8.54657 2.66667 7.66666C2.66707 6.61449 2.96041 5.58322 3.51381 4.68836C4.06722 3.79349 4.85884 3.07037 5.8 2.59999C6.58541 2.20328 7.45342 1.99769 8.33333 1.99999H8.66667C10.0562 2.07665 11.3687 2.66316 12.3528 3.64723C13.3368 4.63129 13.9233 5.94376 14 7.33332V7.66666Z" stroke="currentColor" stroke-width="1.5" stroke-linecap="round" stroke-linejoin="round" fill="none"/>
    </symbol>
    <symbol id="icon-svg-view" viewBox="0 0 24 24">
        <path d="M12 6.66666C8.66666 6.66666 5.81999 8.73999 4.66666 11.6667C5.81999 14.5933 8.66666 16.6667 12 16.6667C15.3333 16.6667 18.18 14.5933 19.3333 11.6667C18.18 8.73999 15.3333 6.66666 12 6.66666ZM12 15C10.16 15 8.66666 13.5067 8.66666 11.6667C8.66666 9.82666 10.16 8.33332 12 8.33332C13.84 8.33332 15.3333 9.82666 15.3333 11.6667C15.3333 13.5067 13.84 15 12 15ZM12 9.66666C10.8933 9.66666 9.99999 10.56 9.99999 11.6667C9.99999 12.7733 10.8933 13.6667 12 13.6667C13.1067 13.6667 14 12.7733 14 11.6667C14 10.56 13.1067 9.66666 12 9.66666Z" />
    </symbol>
    <symbol id="icon-view-new" fill="none" viewBox="0 0 16 16">
        <path d="M0.664062 7.99984C0.664062 7.99984 3.33073 2.6665 7.9974 2.6665C12.6641 2.6665 15.3307 7.99984 15.3307 7.99984C15.3307 7.99984 12.6641 13.3332 7.9974 13.3332C3.33073 13.3332 0.664062 7.99984 0.664062 7.99984Z" stroke="currentColor" stroke-width="1.5" stroke-linecap="round" stroke-linejoin="round"></path>
        <path d="M8 10C9.10457 10 10 9.10457 10 8C10 6.89543 9.10457 6 8 6C6.89543 6 6 6.89543 6 8C6 9.10457 6.89543 10 8 10Z" stroke="currentColor" stroke-width="1.5" stroke-linecap="round" stroke-linejoin="round"></path>
    </symbol>
    <symbol id="icon-cross" viewBox="0 0 14 14">
        <path d="m 0.95117187,4.39875e-4 c -0.2432735,0 -0.4862637,0.093685485 -0.671875,0.279296875 -0.3712228,0.37122276 -0.3712228,0.97252725 0,1.34375005 L 5.65625,7.0004399 0.27929687,12.377393 c -0.3712228,0.371223 -0.3712228,0.972527 0,1.34375 0.3712227,0.371223 0.97252723,0.371223 1.34375003,0 L 7,8.3441899 12.376953,13.721143 c 0.371223,0.371223 0.972527,0.371223 1.34375,0 0.371223,-0.371223 0.371223,-0.972527 0,-1.34375 L 8.34375,7.0004399 13.720703,1.6234868 c 0.371223,-0.3712228 0.371223,-0.97252729 0,-1.34375005 -0.371223,-0.37122278 -0.972527,-0.37122278 -1.34375,0 L 7,5.6566899 1.6230469,0.27973675 C 1.4374355,0.09412536 1.1944453,4.39875e-4 0.95117187,4.39875e-4 Z"/>
    </symbol>
    <symbol id="svg-iconset-cross" viewBox="0 0 16 16">
        <path d="M0.512684 1.90973C0.512036 2.28687 0.650835 2.61457 0.929082 2.89281L6.03593 7.99966L0.928892 13.1067C0.650646 13.3849 0.510697 13.7115 0.509047 14.0863C0.507417 14.4612 0.646217 14.7882 0.925445 15.0674C1.20467 15.3466 1.53285 15.4866 1.90997 15.4873C2.28712 15.4879 2.61481 15.3491 2.89306 15.0709L8.00009 9.96383L13.1071 15.0708C13.3853 15.349 13.7118 15.489 14.0867 15.4906C14.4615 15.4923 14.7885 15.3535 15.0678 15.0742C15.347 14.795 15.4869 14.4668 15.4876 14.0897C15.4883 13.7126 15.3495 13.3849 15.0712 13.1066L9.96426 7.99966L15.071 2.89289C15.3493 2.61464 15.4892 2.2881 15.4909 1.91325C15.4925 1.53843 15.3537 1.2114 15.0745 0.932172C14.7952 0.652944 14.4671 0.512995 14.0899 0.512328C13.7128 0.511679 13.3851 0.650478 13.1069 0.928724L8.00009 6.03549L2.89325 0.928648C2.615 0.650402 2.28846 0.510453 1.91361 0.508803C1.53878 0.507173 1.21176 0.645972 0.932529 0.925201C0.6533 1.20443 0.513352 1.53261 0.512684 1.90973Z" />
    </symbol>

    <symbol id="icon-svg-wait" width="12" height="12" viewBox="0 0 12 12">
        <path d="M 6,12 C 5.58579,12 5.25,11.6642 5.25,11.25 5.25,10.8358 5.58579,10.5 6,10.5 8.4853,10.5 10.5,8.4853 10.5,6 10.5,3.51472 8.4853,1.5 6,1.5 3.51472,1.5 1.5,3.51472 1.5,6 1.5,6.48542 1.5766,6.9595 1.72515,7.41012 1.85483,7.80351 1.64105,8.2275 1.24766,8.3572 0.85427,8.4869 0.43024,8.2731 0.30056,7.87973 0.10221,7.27805 0,6.64547 0,6 0,2.68629 2.68629,0 6,0 c 3.3137,0 6,2.68629 6,6 0,3.3137 -2.6863,6 -6,6 z" />
    </symbol>
    <symbol id="icon-svg-label-new" width="12" height="12" viewBox="0 0 12 12">
        <path d="M11.4274 5.29193C9.08714 4.7205 7.26971 2.90683 6.72199 0.571428C6.6473 0.248447 6.34855 0 6 0C5.65145 0 5.3527 0.223602 5.27801 0.571428C4.70539 2.90683 2.91286 4.7205 0.572614 5.29193C0.248962 5.36646 0 5.6646 0 6.01242C0 6.36025 0.224066 6.65839 0.572614 6.73292C2.88797 7.2795 4.73029 9.14286 5.27801 11.4286C5.3527 11.7516 5.65145 12 6 12C6.34855 12 6.6473 11.7764 6.72199 11.4286C7.26971 9.14286 9.11203 7.2795 11.4274 6.73292C11.751 6.65839 12 6.36025 12 6.01242C11.9751 5.6646 11.751 5.36646 11.4274 5.29193Z" />
    </symbol>
    <symbol id="icon-minus" viewBox="0 0 14 2">
        <path d="M 1,0 C 0.446,0 0,0.446 0,1 0,1.554 0.446,2 1,2 L 13,2 C 13.554,2 14,1.554 14,1 14,0.446 13.554,0 13,0 L 1,0 Z"/>
    </symbol>
    <symbol id="icon-plus" viewBox="0 0 14 14">
        <path d="M 7,0 C 6.4477153,0 6,0.447715 6,1 L 6,6 1,6 C 0.4477153,6 0,6.447715 0,7 0,7.552285 0.4477153,8 1,8 l 5,0 0,5 c 0,0.552285 0.4477153,1 1,1 0.5522847,0 1,-0.447715 1,-1 L 8,8 13,8 C 13.552285,8 14,7.552285 14,7 14,6.447715 13.552285,6 13,6 L 8,6 8,1 C 8,0.447715 7.5522847,0 7,0 Z"/>
    </symbol>
    <symbol id="svg-icon-warning" viewBox="0 0 20 20">
        <path d="M10.1667 17C9.70833 17 9.31597 16.8368 8.98958 16.5104C8.66319 16.184 8.5 15.7917 8.5 15.3333C8.5 14.875 8.66319 14.4826 8.98958 14.1562C9.31597 13.8299 9.70833 13.6667 10.1667 13.6667C10.625 13.6667 11.0174 13.8299 11.3437 14.1562C11.6701 14.4826 11.8333 14.875 11.8333 15.3333C11.8333 15.7917 11.6701 16.184 11.3437 16.5104C11.0174 16.8368 10.625 17 10.1667 17ZM8.5 12V2H11.8333V12H8.5Z"/>
    </symbol>
    <symbol id="ic-svg-icon-walking-man" viewBox="0 0 9 15">
        <path d="M5 2.66667C5.73333 2.66667 6.33333 2.06667 6.33333 1.33333C6.33333 0.6 5.73333 0 5 0C4.26667 0 3.66667 0.6 3.66667 1.33333C3.66667 2.06667 4.26667 2.66667 5 2.66667ZM2.53333 4.93333L0.826667 13.54C0.74 13.9467 1.06 14.3333 1.48 14.3333H1.53333C1.84667 14.3333 2.11333 14.12 2.18667 13.8133L3.26667 9L4.66667 10.3333V13.6667C4.66667 14.0333 4.96667 14.3333 5.33333 14.3333C5.7 14.3333 6 14.0333 6 13.6667V9.90667C6 9.54 5.85333 9.19333 5.58667 8.94L4.6 8L5 6C5.71333 6.82667 6.74667 7.42 7.90667 7.60667C8.30667 7.66667 8.66667 7.34667 8.66667 6.94C8.66667 6.61333 8.42667 6.34 8.1 6.28667C7.08667 6.12 6.24667 5.52 5.8 4.73333L5.13333 3.66667C4.76 3.07333 4.01333 2.83333 3.36667 3.10667L0.813333 4.18667C0.32 4.4 0 4.88 0 5.42V7C0 7.36667 0.3 7.66667 0.666667 7.66667C1.03333 7.66667 1.33333 7.36667 1.33333 7V5.4L2.53333 4.93333Z"/>
    </symbol>
    <symbol id="svg-icon-address-way-icon-address-on-map" width="20" height="20" viewBox="0 0 20 20">
        <path d="M10 17.5C8.25 17.5 6.70139 16.9687 5.35417 15.9062C4.00694 14.8437 3.13194 13.4861 2.72917 11.8333C2.67361 11.625 2.71528 11.434 2.85417 11.2604C2.99306 11.0868 3.18056 10.9861 3.41667 10.9583C3.63889 10.9306 3.84028 10.9722 4.02083 11.0833C4.20139 11.1944 4.32639 11.3611 4.39583 11.5833C4.72917 12.8333 5.41667 13.8542 6.45833 14.6458C7.5 15.4375 8.68056 15.8333 10 15.8333C11.625 15.8333 13.0035 15.2674 14.1354 14.1354C15.2674 13.0035 15.8333 11.625 15.8333 10C15.8333 8.375 15.2674 6.99653 14.1354 5.86458C13.0035 4.73264 11.625 4.16667 10 4.16667C9.04167 4.16667 8.14583 4.38889 7.3125 4.83333C6.47917 5.27778 5.77778 5.88889 5.20833 6.66667H6.66667C6.90278 6.66667 7.10069 6.74653 7.26042 6.90625C7.42014 7.06597 7.5 7.26389 7.5 7.5C7.5 7.73611 7.42014 7.93403 7.26042 8.09375C7.10069 8.25347 6.90278 8.33333 6.66667 8.33333H3.33333C3.09722 8.33333 2.89931 8.25347 2.73958 8.09375C2.57986 7.93403 2.5 7.73611 2.5 7.5V4.16667C2.5 3.93056 2.57986 3.73264 2.73958 3.57292C2.89931 3.41319 3.09722 3.33333 3.33333 3.33333C3.56944 3.33333 3.76736 3.41319 3.92708 3.57292C4.08681 3.73264 4.16667 3.93056 4.16667 4.16667V5.29167C4.875 4.40278 5.73958 3.71528 6.76042 3.22917C7.78125 2.74306 8.86111 2.5 10 2.5C11.0417 2.5 12.0174 2.69792 12.9271 3.09375C13.8368 3.48958 14.6285 4.02431 15.3021 4.69792C15.9757 5.37153 16.5104 6.16319 16.9062 7.07292C17.3021 7.98264 17.5 8.95833 17.5 10C17.5 11.0417 17.3021 12.0174 16.9062 12.9271C16.5104 13.8368 15.9757 14.6285 15.3021 15.3021C14.6285 15.9757 13.8368 16.5104 12.9271 16.9062C12.0174 17.3021 11.0417 17.5 10 17.5ZM10.8333 9.66667L12.9167 11.75C13.0694 11.9028 13.1458 12.0972 13.1458 12.3333C13.1458 12.5694 13.0694 12.7639 12.9167 12.9167C12.7639 13.0694 12.5694 13.1458 12.3333 13.1458C12.0972 13.1458 11.9028 13.0694 11.75 12.9167L9.41667 10.5833C9.33333 10.5 9.27083 10.4062 9.22917 10.3021C9.1875 10.1979 9.16667 10.0903 9.16667 9.97917V6.66667C9.16667 6.43056 9.24653 6.23264 9.40625 6.07292C9.56597 5.91319 9.76389 5.83333 10 5.83333C10.2361 5.83333 10.434 5.91319 10.5938 6.07292C10.7535 6.23264 10.8333 6.43056 10.8333 6.66667V9.66667Z"/>
    </symbol>
    <symbol id="iconset--heart-default" viewBox="0 0 24 24">
        <path d="M10.65 19.7999L8.925 18.2249C7.15833 16.6082 5.5625 15.0041 4.1375 13.4124C2.7125 11.8207 2 10.0666 2 8.1499C2 6.58324 2.525 5.2749 3.575 4.2249C4.625 3.1749 5.93333 2.6499 7.5 2.6499C8.38333 2.6499 9.21667 2.8374 10 3.2124C10.7833 3.5874 11.45 4.0999 12 4.7499C12.55 4.0999 13.2167 3.5874 14 3.2124C14.7833 2.8374 15.6167 2.6499 16.5 2.6499C18.0667 2.6499 19.375 3.1749 20.425 4.2249C21.475 5.2749 22 6.58324 22 8.1499C22 10.0666 21.2917 11.8249 19.875 13.4249C18.4583 15.0249 16.85 16.6332 15.05 18.2499L13.35 19.7999C12.9667 20.1666 12.5167 20.3499 12 20.3499C11.4833 20.3499 11.0333 20.1666 10.65 19.7999ZM11.05 6.7499C10.5667 6.06657 10.05 5.54574 9.5 5.1874C8.95 4.82907 8.28333 4.6499 7.5 4.6499C6.5 4.6499 5.66667 4.98324 5 5.6499C4.33333 6.31657 4 7.1499 4 8.1499C4 9.01657 4.30833 9.9374 4.925 10.9124C5.54167 11.8874 6.27917 12.8332 7.1375 13.7499C7.99583 14.6666 8.87917 15.5249 9.7875 16.3249C10.6958 17.1249 11.4333 17.7832 12 18.2999C12.5667 17.7832 13.3042 17.1249 14.2125 16.3249C15.1208 15.5249 16.0042 14.6666 16.8625 13.7499C17.7208 12.8332 18.4583 11.8874 19.075 10.9124C19.6917 9.9374 20 9.01657 20 8.1499C20 7.1499 19.6667 6.31657 19 5.6499C18.3333 4.98324 17.5 4.6499 16.5 4.6499C15.7167 4.6499 15.05 4.82907 14.5 5.1874C13.95 5.54574 13.4333 6.06657 12.95 6.7499C12.8333 6.91657 12.6917 7.04157 12.525 7.1249C12.3583 7.20824 12.1833 7.2499 12 7.2499C11.8167 7.2499 11.6417 7.20824 11.475 7.1249C11.3083 7.04157 11.1667 6.91657 11.05 6.7499Z" />
    </symbol>
    <symbol id="iconset--heart-heavy" viewBox="0 0 24 24">
        <path d="M10.65 19.7999L8.925 18.2249C7.15833 16.6082 5.5625 15.0041 4.1375 13.4124C2.7125 11.8207 2 10.0666 2 8.1499C2 6.58324 2.525 5.2749 3.575 4.2249C4.625 3.1749 5.93333 2.6499 7.5 2.6499C8.38333 2.6499 9.21667 2.8374 10 3.2124C10.7833 3.5874 11.45 4.0999 12 4.7499C12.55 4.0999 13.2167 3.5874 14 3.2124C14.7833 2.8374 15.6167 2.6499 16.5 2.6499C18.0667 2.6499 19.375 3.1749 20.425 4.2249C21.475 5.2749 22 6.58324 22 8.1499C22 10.0666 21.2917 11.8249 19.875 13.4249C18.4583 15.0249 16.85 16.6332 15.05 18.2499L13.35 19.7999C12.9667 20.1499 12.5167 20.3249 12 20.3249C11.4833 20.3249 11.0333 20.1499 10.65 19.7999Z" />
    </symbol>
    <symbol id="iconset--expand-down-default" viewBox="0 0 24 24">
        <path d="M12 14.9498C11.8667 14.9498 11.7417 14.9289 11.625 14.8873C11.5083 14.8456 11.4 14.7748 11.3 14.6748L6.675 10.0498C6.49167 9.86643 6.40417 9.63726 6.4125 9.36226C6.42083 9.08726 6.51667 8.8581 6.7 8.67476C6.88333 8.49143 7.11667 8.39976 7.4 8.39976C7.68333 8.39976 7.91667 8.49143 8.1 8.67476L12 12.5748L15.925 8.64976C16.1083 8.46643 16.3375 8.37893 16.6125 8.38726C16.8875 8.3956 17.1167 8.49143 17.3 8.67476C17.4833 8.8581 17.575 9.09143 17.575 9.37476C17.575 9.6581 17.4833 9.89143 17.3 10.0748L12.7 14.6748C12.6 14.7748 12.4917 14.8456 12.375 14.8873C12.2583 14.9289 12.1333 14.9498 12 14.9498Z" />
    </symbol>
    <symbol id="iconset--comments-reply" viewBox="0 0 20 20">
        <path d="M14.3125 7.98999H6.25C5.20833 7.98999 4.32292 8.35457 3.59375 9.08374C2.86458 9.81291 2.5 10.6983 2.5 11.74C2.5 12.7817 2.86458 13.6671 3.59375 14.3962C4.32292 15.1254 5.20833 15.49 6.25 15.49C6.48611 15.49 6.68403 15.4101 6.84375 15.2504C7.00347 15.0907 7.08333 14.8928 7.08333 14.6567C7.08333 14.4205 7.00347 14.2226 6.84375 14.0629C6.68403 13.9032 6.48611 13.8233 6.25 13.8233C5.66667 13.8233 5.17361 13.6219 4.77083 13.2192C4.36806 12.8164 4.16667 12.3233 4.16667 11.74C4.16667 11.1567 4.36806 10.6636 4.77083 10.2608C5.17361 9.85805 5.66667 9.65666 6.25 9.65666H14.3125L11.9167 12.0733C11.7639 12.2261 11.684 12.4171 11.6771 12.6462C11.6701 12.8754 11.75 13.0733 11.9167 13.24C12.0694 13.3928 12.2639 13.4692 12.5 13.4692C12.7361 13.4692 12.9306 13.3928 13.0833 13.24L16.9167 9.40666C17.0833 9.23999 17.1667 9.04555 17.1667 8.82332C17.1667 8.6011 17.0833 8.40666 16.9167 8.23999L13.0833 4.40666C12.9167 4.23999 12.7222 4.16013 12.5 4.16707C12.2778 4.17402 12.0833 4.26082 11.9167 4.42749C11.7639 4.59416 11.684 4.7886 11.6771 5.01082C11.6701 5.23305 11.75 5.42749 11.9167 5.59416L14.3125 7.98999Z" />
    </symbol>
    <svg id="iconset--heart-broken-default" viewBox="0 0 20 20" >
        <path fill-rule="evenodd" clip-rule="evenodd" d="M10.0001 15.1224C9.52815 14.6784 8.92125 14.1339 8.17936 13.4891C7.43631 12.8433 6.71118 12.1468 6.00399 11.3997C5.29679 10.6527 4.68915 9.88185 4.18107 9.08724C3.67299 8.29264 3.41895 7.53423 3.41895 6.81201C3.41895 5.97868 3.68978 5.29118 4.23145 4.74951C4.77311 4.20784 5.46061 3.93701 6.29395 3.93701C6.84537 3.93701 7.35283 4.06376 7.81631 4.31724C8.05836 4.42604 8.55893 4.57653 8.99975 4.02846C9.49454 3.41328 8.90654 2.98183 8.70682 2.83529L8.68945 2.82251C8.68479 2.81906 8.68037 2.81565 8.67618 2.81226C8.57903 2.75788 8.4794 2.70571 8.37728 2.65576C7.73839 2.34326 7.04685 2.18701 6.30265 2.18701C4.98275 2.18701 3.88049 2.63146 2.99586 3.52034C2.11125 4.40923 1.66895 5.50646 1.66895 6.81201C1.66895 8.40401 2.25922 9.86104 3.43978 11.1831C4.62033 12.5052 5.98839 13.8676 7.54395 15.2703L8.83561 16.437C9.16895 16.7287 9.55783 16.878 10.0023 16.8849L10.0045 16.885V16.8848C10.4462 16.8902 10.833 16.7408 11.1647 16.4368L12.2689 15.4368C13.9077 13.9507 15.3279 12.5409 16.5293 11.2076C17.7307 9.87427 18.3314 8.40899 18.3314 6.81177C18.3314 5.50621 17.8874 4.40899 16.9996 3.5201C16.1118 2.63121 15.0056 2.18677 13.6809 2.18677C12.934 2.18677 12.2411 2.34302 11.6022 2.65552C11.0889 2.90658 10.6428 3.21368 10.264 3.5768C10.4334 3.40055 10.5657 3.26258 10.2386 3.60141C10.1676 3.67049 10.099 3.74157 10.0328 3.81465C10.021 3.82679 10.009 3.83924 9.99672 3.85201C9.00106 4.88409 8.6582 6.31299 8.6582 6.31299L10.4071 8.2358L9.01472 10.4122L9.5927 12.5333H11.6022L10.9851 10.4122L12.5877 8.2358L10.6177 5.95169C10.6177 5.95169 10.9851 5.13181 11.9772 4.44718C12.475 4.10367 13.0501 3.93677 13.6959 3.93677C14.5203 3.93677 15.2073 4.2076 15.7569 4.74927C16.3065 5.29093 16.5814 5.97843 16.5814 6.81177C16.5814 7.51689 16.3244 8.26609 15.8105 9.05937C15.2966 9.85264 14.6871 10.6275 13.982 11.384C13.2768 12.1404 12.5511 12.8488 11.8049 13.509C11.0597 14.1682 10.4581 14.706 10.0001 15.1224ZM10.0328 3.81465C10.0211 3.82752 10.0095 3.84045 9.99802 3.85343C9.99802 3.85343 10.1408 3.70499 10.264 3.5768C10.2555 3.58498 10.247 3.59318 10.2386 3.60141C10.1836 3.65833 10.1157 3.72872 10.0328 3.81465Z"/>
    </svg>
    <svg id="iconset--heart-broken-heavy" viewBox="0 0 20 20">
        <path fill-rule="evenodd" clip-rule="evenodd" d="M9.06593 3.05304C8.84996 2.90807 8.61976 2.77581 8.37533 2.65625C7.73644 2.34375 7.04199 2.1875 6.29199 2.1875C4.97255 2.1875 3.87185 2.63194 2.98991 3.52083C2.10796 4.40972 1.66699 5.50694 1.66699 6.8125C1.66699 8.40972 2.25727 9.86806 3.43783 11.1875C4.61838 12.5069 5.98644 13.8681 7.54199 15.2708L8.83366 16.4375C9.16699 16.7292 9.55935 16.8785 10.0107 16.8854C10.4621 16.8924 10.8475 16.7431 11.167 16.4375L12.2712 15.4375C13.91 13.9514 15.3302 12.5417 16.5316 11.2083C17.733 9.875 18.3337 8.40972 18.3337 6.8125C18.3337 5.50694 17.8892 4.40972 17.0003 3.52083C16.1114 2.63194 15.0073 2.1875 13.6878 2.1875C13.0034 2.1875 12.3653 2.31761 11.7734 2.57783C9.93601 3.45531 10.6258 5.96855 10.6258 5.96855L12.5832 8.2484L10.9856 10.4257L11.5987 12.5448H9.58916L9.01514 10.4257L10.4025 8.2484L8.66622 6.32985C8.66622 6.32985 8.43762 4.47958 9.06593 3.05304Z" />
    </svg>
    <svg id="iconset--delete-forever-default" viewBox="0 0 24 24">
        <path d="M7 21C6.45 21 5.97917 20.8042 5.5875 20.4125C5.19583 20.0208 5 19.55 5 19V6C4.71667 6 4.47917 5.90417 4.2875 5.7125C4.09583 5.52083 4 5.28333 4 5C4 4.71667 4.09583 4.47917 4.2875 4.2875C4.47917 4.09583 4.71667 4 5 4H9C9 3.71667 9.09583 3.47917 9.2875 3.2875C9.47917 3.09583 9.71667 3 10 3H14C14.2833 3 14.5208 3.09583 14.7125 3.2875C14.9042 3.47917 15 3.71667 15 4H19C19.2833 4 19.5208 4.09583 19.7125 4.2875C19.9042 4.47917 20 4.71667 20 5C20 5.28333 19.9042 5.52083 19.7125 5.7125C19.5208 5.90417 19.2833 6 19 6V19C19 19.55 18.8042 20.0208 18.4125 20.4125C18.0208 20.8042 17.55 21 17 21H7ZM7 6V19H17V6H7ZM12 13.9L13.9 15.8C14.1 15.9833 14.3375 16.075 14.6125 16.075C14.8875 16.075 15.1167 15.9833 15.3 15.8C15.5 15.6 15.6 15.3625 15.6 15.0875C15.6 14.8125 15.5 14.5833 15.3 14.4L13.4 12.5L15.3 10.6C15.5 10.4 15.6 10.1625 15.6 9.8875C15.6 9.6125 15.5 9.38333 15.3 9.2C15.1167 9 14.8875 8.9 14.6125 8.9C14.3375 8.9 14.1 9 13.9 9.2L12 11.1L10.1 9.2C9.91667 9 9.6875 8.9 9.4125 8.9C9.1375 8.9 8.9 9 8.7 9.2C8.51667 9.38333 8.425 9.6125 8.425 9.8875C8.425 10.1625 8.51667 10.4 8.7 10.6L10.6 12.5L8.7 14.4C8.51667 14.5833 8.425 14.8125 8.425 15.0875C8.425 15.3625 8.51667 15.6 8.7 15.8C8.9 15.9833 9.1375 16.075 9.4125 16.075C9.6875 16.075 9.91667 15.9833 10.1 15.8L12 13.9Z" />
    </svg>
    <svg id="iconset--delete-forever-heavy" viewBox="0 0 24 24">
        <path d="M12 13.9L13.9 15.8C14.1 15.9833 14.3375 16.075 14.6125 16.075C14.8875 16.075 15.1167 15.9833 15.3 15.8C15.5 15.6 15.6 15.3625 15.6 15.0875C15.6 14.8125 15.5 14.5833 15.3 14.4L13.4 12.5L15.3 10.6C15.5 10.4 15.6 10.1625 15.6 9.8875C15.6 9.6125 15.5 9.38333 15.3 9.2C15.1167 9 14.8875 8.9 14.6125 8.9C14.3375 8.9 14.1 9 13.9 9.2L12 11.1L10.1 9.2C9.91667 9 9.6875 8.9 9.4125 8.9C9.1375 8.9 8.9 9 8.7 9.2C8.51667 9.38333 8.425 9.6125 8.425 9.8875C8.425 10.1625 8.51667 10.4 8.7 10.6L10.6 12.5L8.7 14.4C8.51667 14.5833 8.425 14.8125 8.425 15.0875C8.425 15.3625 8.51667 15.6 8.7 15.8C8.9 15.9833 9.1375 16.075 9.4125 16.075C9.6875 16.075 9.91667 15.9833 10.1 15.8L12 13.9ZM7 21C6.45 21 5.97917 20.8042 5.5875 20.4125C5.19583 20.0208 5 19.55 5 19V6C4.71667 6 4.47917 5.90417 4.2875 5.7125C4.09583 5.52083 4 5.28333 4 5C4 4.71667 4.09583 4.47917 4.2875 4.2875C4.47917 4.09583 4.71667 4 5 4H9C9 3.71667 9.09583 3.47917 9.2875 3.2875C9.47917 3.09583 9.71667 3 10 3H14C14.2833 3 14.5208 3.09583 14.7125 3.2875C14.9042 3.47917 15 3.71667 15 4H19C19.2833 4 19.5208 4.09583 19.7125 4.2875C19.9042 4.47917 20 4.71667 20 5C20 5.28333 19.9042 5.52083 19.7125 5.7125C19.5208 5.90417 19.2833 6 19 6V19C19 19.55 18.8042 20.0208 18.4125 20.4125C18.0208 20.8042 17.55 21 17 21H7Z" />
    </svg>
    <svg id="iconset--trending-down-default" viewBox="0 0 24 24">
        <path d="M18.6001 16L13.4001 10.85L10.8251 13.425C10.4418 13.8084 9.96678 14 9.40011 14C8.83344 14 8.35844 13.8084 7.97511 13.425L2.70011 8.10005C2.51678 7.91672 2.42094 7.68755 2.41261 7.41255C2.40428 7.13755 2.50011 6.90005 2.70011 6.70005C2.88344 6.51672 3.11678 6.42505 3.40011 6.42505C3.68344 6.42505 3.91678 6.51672 4.10011 6.70005L9.40011 12L11.9751 9.42505C12.3584 9.04172 12.8334 8.85005 13.4001 8.85005C13.9668 8.85005 14.4418 9.04172 14.8251 9.42505L20.0001 14.6V13C20.0001 12.7167 20.0959 12.4792 20.2876 12.2875C20.4793 12.0959 20.7168 12 21.0001 12C21.2834 12 21.5209 12.0959 21.7126 12.2875C21.9043 12.4792 22.0001 12.7167 22.0001 13V17C22.0001 17.2834 21.9043 17.5209 21.7126 17.7125C21.5209 17.9042 21.2834 18 21.0001 18H17.0001C16.7168 18 16.4793 17.9042 16.2876 17.7125C16.0959 17.5209 16.0001 17.2834 16.0001 17C16.0001 16.7167 16.0959 16.4792 16.2876 16.2875C16.4793 16.0959 16.7168 16 17.0001 16H18.6001Z" />
    </svg>
    <svg id="iconset--trending-up-default" viewBox="0 0 24 24">
        <path d="M2.70011 17.625C2.50011 17.425 2.40428 17.1875 2.41261 16.9125C2.42094 16.6375 2.51678 16.4083 2.70011 16.225L7.97511 10.875C8.35844 10.4916 8.83344 10.3 9.40011 10.3C9.96678 10.3 10.4418 10.4916 10.8251 10.875L13.4001 13.475L18.6001 8.32495H17.0001C16.7168 8.32495 16.4793 8.22912 16.2876 8.03745C16.0959 7.84578 16.0001 7.60828 16.0001 7.32495C16.0001 7.04162 16.0959 6.80412 16.2876 6.61245C16.4793 6.42078 16.7168 6.32495 17.0001 6.32495H21.0001C21.2834 6.32495 21.5209 6.42078 21.7126 6.61245C21.9043 6.80412 22.0001 7.04162 22.0001 7.32495V11.325C22.0001 11.6083 21.9043 11.8458 21.7126 12.0375C21.5209 12.2291 21.2834 12.325 21.0001 12.325C20.7168 12.325 20.4793 12.2291 20.2876 12.0375C20.0959 11.8458 20.0001 11.6083 20.0001 11.325V9.72495L14.8251 14.9C14.4418 15.2833 13.9668 15.475 13.4001 15.475C12.8334 15.475 12.3584 15.2833 11.9751 14.9L9.40011 12.325L4.10011 17.625C3.91678 17.8083 3.68344 17.9 3.40011 17.9C3.11678 17.9 2.88344 17.8083 2.70011 17.625Z" />
    </svg>
    <svg id="iconset--trending-flat-default" viewBox="0 0 24 24">
        <path d="M18.175 13.0001H4C3.71667 13.0001 3.47917 12.9043 3.2875 12.7126C3.09583 12.5209 3 12.2834 3 12.0001C3 11.7168 3.09583 11.4793 3.2875 11.2876C3.47917 11.0959 3.71667 11.0001 4 11.0001H18.175L16.8 9.60011C16.6 9.40011 16.5042 9.16678 16.5125 8.90011C16.5208 8.63344 16.625 8.40011 16.825 8.20011C17.025 8.01678 17.2625 7.92094 17.5375 7.91261C17.8125 7.90428 18.0417 8.00011 18.225 8.20011L21.3 11.3001C21.5 11.5001 21.6 11.7334 21.6 12.0001C21.6 12.2668 21.5 12.5001 21.3 12.7001L18.2 15.8001C18.0167 15.9834 17.7875 16.0751 17.5125 16.0751C17.2375 16.0751 17 15.9834 16.8 15.8001C16.6 15.6001 16.5 15.3626 16.5 15.0876C16.5 14.8126 16.6 14.5751 16.8 14.3751L18.175 13.0001Z" />
    </svg>
    <svg id="iconset--like" xmlns="http://www.w3.org/2000/svg" viewBox="0 0 16 16">
       <path d="M13.8921 3.07357C13.5516 2.73291 13.1473 2.46267 12.7023 2.2783C12.2574 2.09392 11.7804 1.99902 11.2988 1.99902C10.8171 1.99902 10.3402 2.09392 9.89521 2.2783C9.45023 2.46267 9.04595 2.73291 8.70544 3.07357L7.99878 3.78024L7.29211 3.07357C6.60432 2.38578 5.67147 1.99938 4.69878 1.99938C3.72609 1.99938 2.79324 2.38578 2.10544 3.07357C1.41765 3.76137 1.03125 4.69422 1.03125 5.66691C1.03125 6.63959 1.41765 7.57244 2.10544 8.26024L2.81211 8.96691L7.99878 14.1536L13.1854 8.96691L13.8921 8.26024C14.2328 7.91974 14.503 7.51545 14.6874 7.07048C14.8718 6.6255 14.9667 6.14856 14.9667 5.66691C14.9667 5.18525 14.8718 4.70831 14.6874 4.26334C14.503 3.81836 14.2328 3.41408 13.8921 3.07357Z" stroke-width="1.5" stroke-linecap="round" stroke-linejoin="round"/>
    </svg>
</svg>